SIMPLE  = T
BITPIX  = -64
NAXIS   = 2
NAXIS1  = 696
NAXIS2  = 696
CTYPE1  = 'RA---TAN'
CTYPE2  = 'DEC--TAN'
CRVAL1  =  356.952900
CRVAL2  =  -57.072610
CRPIX1  =  348.500000
CRPIX2  =  348.500000
CDELT1  =   -0.007192483
CDELT2  =    0.007192483
CROTA2  =  242.588256
EQUINOX = 2000.0
END
