SIMPLE  = T
BITPIX  = -64
NAXIS   = 2
NAXIS1  = 1043
NAXIS2  = 1043
CTYPE1  = 'RA---TAN'
CTYPE2  = 'DEC--TAN'
CRVAL1  =  356.952900
CRVAL2  =  -57.072610
CRPIX1  =  522.000000
CRPIX2  =  522.000000
CDELT1  =   -0.004794989
CDELT2  =    0.004794989
CROTA2  =  242.588256
EQUINOX = 2000.0
END
