SIMPLE  = T
BITPIX  = -64
NAXIS   = 2
NAXIS1  = 218
NAXIS2  = 218
CTYPE1  = 'RA---TAN'
CTYPE2  = 'DEC--TAN'
CRVAL1  =  355.943100
CRVAL2  =  -31.956950
CRPIX1  =  109.500000
CRPIX2  =  109.500000
CDELT1  =   -0.022950250
CDELT2  =    0.022950250
CROTA2  =  226.890739
EQUINOX = 2000.0
END
