SIMPLE  = T
BITPIX  = -64
NAXIS   = 2
NAXIS1  = 291
NAXIS2  = 291
CTYPE1  = 'RA---TAN'
CTYPE2  = 'DEC--TAN'
CRVAL1  =  355.943100
CRVAL2  =  -31.956950
CRPIX1  =  146.000000
CRPIX2  =  146.000000
CDELT1  =   -0.017212688
CDELT2  =    0.017212688
CROTA2  =  226.890739
EQUINOX = 2000.0
END
