SIMPLE  = T
BITPIX  = -64
NAXIS   = 2
NAXIS1  = 146
NAXIS2  = 146
CTYPE1  = 'RA---TAN'
CTYPE2  = 'DEC--TAN'
CRVAL1  =  355.943100
CRVAL2  =  -31.956950
CRPIX1  =   73.500000
CRPIX2  =   73.500000
CDELT1  =   -0.034425375
CDELT2  =    0.034425375
CROTA2  =  226.890739
EQUINOX = 2000.0
END
