SIMPLE  = T
BITPIX  = -64
NAXIS   = 2
NAXIS1  = 466
NAXIS2  = 466
CTYPE1  = 'RA---TAN'
CTYPE2  = 'DEC--TAN'
CRVAL1  =  123.495300
CRVAL2  =   45.742510
CRPIX1  =  233.500000
CRPIX2  =  233.500000
CDELT1  =   -0.010736905
CDELT2  =    0.010736905
CROTA2  =  276.336894
EQUINOX = 2000.0
END
