SIMPLE  = T
BITPIX  = -64
NAXIS   = 2
NAXIS1  = 932
NAXIS2  = 932
CTYPE1  = 'RA---TAN'
CTYPE2  = 'DEC--TAN'
CRVAL1  =  123.495300
CRVAL2  =   45.742510
CRPIX1  =  466.500000
CRPIX2  =  466.500000
CDELT1  =   -0.005368453
CDELT2  =    0.005368453
CROTA2  =  276.336894
EQUINOX = 2000.0
END
