SIMPLE  = T
BITPIX  = -64
NAXIS   = 2
NAXIS1  = 699
NAXIS2  = 699
CTYPE1  = 'RA---TAN'
CTYPE2  = 'DEC--TAN'
CRVAL1  =  123.495300
CRVAL2  =   45.742510
CRPIX1  =  350.000000
CRPIX2  =  350.000000
CDELT1  =   -0.007157937
CDELT2  =    0.007157937
CROTA2  =  276.336894
EQUINOX = 2000.0
END
