SIMPLE  = T
BITPIX  = -64
NAXIS   = 2
NAXIS1  = 200
NAXIS2  = 200
CTYPE1  = 'RA---TAN'
CTYPE2  = 'DEC--TAN'
CRVAL1  =  157.102350
CRVAL2  =   68.413190
CRPIX1  =  100.500000
CRPIX2  =  100.500000
CDELT1  =   -0.025048835
CDELT2  =    0.025048835
CROTA2  =  392.915118
EQUINOX = 2000.0
END
