SIMPLE  = T
BITPIX  = -64
NAXIS   = 2
NAXIS1  = 2373
NAXIS2  = 2373
CTYPE1  = 'RA---TAN'
CTYPE2  = 'DEC--TAN'
CRVAL1  =  149.981250
CRVAL2  =  -29.617550
CRPIX1  = 1187.000000
CRPIX2  = 1187.000000
CDELT1  =   -0.002107897
CDELT2  =    0.002107897
CROTA2  =  379.029546
EQUINOX = 2000.0
END
