SIMPLE  = T
BITPIX  = -64
NAXIS   = 2
NAXIS1  = 1187
NAXIS2  = 1187
CTYPE1  = 'RA---TAN'
CTYPE2  = 'DEC--TAN'
CRVAL1  =  149.981250
CRVAL2  =  -29.617550
CRPIX1  =  594.000000
CRPIX2  =  594.000000
CDELT1  =   -0.004215795
CDELT2  =    0.004215795
CROTA2  =  379.029546
EQUINOX = 2000.0
END
