SIMPLE  = T
BITPIX  = -64
NAXIS   = 2
NAXIS1  = 134
NAXIS2  = 134
CTYPE1  = 'RA---TAN'
CTYPE2  = 'DEC--TAN'
CRVAL1  =  157.102350
CRVAL2  =   68.413190
CRPIX1  =   67.500000
CRPIX2  =   67.500000
CDELT1  =   -0.037573252
CDELT2  =    0.037573252
CROTA2  =  392.915118
EQUINOX = 2000.0
END
