SIMPLE  = T
BITPIX  = -64
NAXIS   = 2
NAXIS1  = 671
NAXIS2  = 671
CTYPE1  = 'RA---TAN'
CTYPE2  = 'DEC--TAN'
CRVAL1  =  198.046500
CRVAL2  =   35.670150
CRPIX1  =  336.000000
CRPIX2  =  336.000000
CDELT1  =   -0.007462410
CDELT2  =    0.007462410
CROTA2  =  270.133839
EQUINOX = 2000.0
END
