SIMPLE  = T
BITPIX  = -64
NAXIS   = 2
NAXIS1  = 1006
NAXIS2  = 1006
CTYPE1  = 'RA---TAN'
CTYPE2  = 'DEC--TAN'
CRVAL1  =  198.046500
CRVAL2  =   35.670150
CRPIX1  =  503.500000
CRPIX2  =  503.500000
CDELT1  =   -0.004974940
CDELT2  =    0.004974940
CROTA2  =  270.133839
EQUINOX = 2000.0
END
