SIMPLE  = T
BITPIX  = -64
NAXIS   = 2
NAXIS1  = 1341
NAXIS2  = 1341
CTYPE1  = 'RA---TAN'
CTYPE2  = 'DEC--TAN'
CRVAL1  =  198.046500
CRVAL2  =   35.670150
CRPIX1  =  671.000000
CRPIX2  =  671.000000
CDELT1  =   -0.003731205
CDELT2  =    0.003731205
CROTA2  =  270.133839
EQUINOX = 2000.0
END
