SIMPLE  = T
BITPIX  = -64
NAXIS   = 2
NAXIS1  = 124
NAXIS2  = 124
CTYPE1  = 'RA---TAN'
CTYPE2  = 'DEC--TAN'
CRVAL1  =   11.887950
CRVAL2  =  -25.288440
CRPIX1  =   62.500000
CRPIX2  =   62.500000
CDELT1  =   -0.040633028
CDELT2  =    0.040633028
CROTA2  =  399.618455
EQUINOX = 2000.0
END
