SIMPLE  = T
BITPIX  = -64
NAXIS   = 2
NAXIS1  = 493
NAXIS2  = 493
CTYPE1  = 'RA---TAN'
CTYPE2  = 'DEC--TAN'
CRVAL1  =   35.639700
CRVAL2  =   42.347120
CRPIX1  =  247.000000
CRPIX2  =  247.000000
CDELT1  =   -0.010157523
CDELT2  =    0.010157523
CROTA2  =  246.225841
EQUINOX = 2000.0
END
