SIMPLE  = T
BITPIX  = -64
NAXIS   = 2
NAXIS1  = 185
NAXIS2  = 185
CTYPE1  = 'RA---TAN'
CTYPE2  = 'DEC--TAN'
CRVAL1  =   11.887950
CRVAL2  =  -25.288440
CRPIX1  =   93.000000
CRPIX2  =   93.000000
CDELT1  =   -0.027088685
CDELT2  =    0.027088685
CROTA2  =  399.618455
EQUINOX = 2000.0
END
