SIMPLE  = T
BITPIX  = -64
NAXIS   = 2
NAXIS1  = 134
NAXIS2  = 134
CTYPE1  = 'RA---TAN'
CTYPE2  = 'DEC--TAN'
CRVAL1  =   23.771250
CRVAL2  =  -41.436760
CRPIX1  =   67.500000
CRPIX2  =   67.500000
CDELT1  =   -0.037573252
CDELT2  =    0.037573252
CROTA2  =  354.349246
EQUINOX = 2000.0
END
