SIMPLE  = T
BITPIX  = -64
NAXIS   = 2
NAXIS1  = 657
NAXIS2  = 657
CTYPE1  = 'RA---TAN'
CTYPE2  = 'DEC--TAN'
CRVAL1  =   35.639700
CRVAL2  =   42.347120
CRPIX1  =  329.000000
CRPIX2  =  329.000000
CDELT1  =   -0.007618142
CDELT2  =    0.007618142
CROTA2  =  246.225841
EQUINOX = 2000.0
END
