SIMPLE  = T
BITPIX  = -64
NAXIS   = 2
NAXIS1  = 928
NAXIS2  = 928
CTYPE1  = 'RA---TAN'
CTYPE2  = 'DEC--TAN'
CRVAL1  =   27.353550
CRVAL2  =   21.997280
CRPIX1  =  464.500000
CRPIX2  =  464.500000
CDELT1  =   -0.005391903
CDELT2  =    0.005391903
CROTA2  =  372.666303
EQUINOX = 2000.0
END
