SIMPLE  = T
BITPIX  = -64
NAXIS   = 2
NAXIS1  = 247
NAXIS2  = 247
CTYPE1  = 'RA---TAN'
CTYPE2  = 'DEC--TAN'
CRVAL1  =   11.887950
CRVAL2  =  -25.288440
CRPIX1  =  124.000000
CRPIX2  =  124.000000
CDELT1  =   -0.020316514
CDELT2  =    0.020316514
CROTA2  =  399.618455
EQUINOX = 2000.0
END
