SIMPLE  = T
BITPIX  = -64
NAXIS   = 2
NAXIS1  = 329
NAXIS2  = 329
CTYPE1  = 'RA---TAN'
CTYPE2  = 'DEC--TAN'
CRVAL1  =   35.639700
CRVAL2  =   42.347120
CRPIX1  =  165.000000
CRPIX2  =  165.000000
CDELT1  =   -0.015236284
CDELT2  =    0.015236284
CROTA2  =  246.225841
EQUINOX = 2000.0
END
