SIMPLE  = T
BITPIX  = -64
NAXIS   = 2
NAXIS1  = 1391
NAXIS2  = 1391
CTYPE1  = 'RA---TAN'
CTYPE2  = 'DEC--TAN'
CRVAL1  =   27.353550
CRVAL2  =   21.997280
CRPIX1  =  696.000000
CRPIX2  =  696.000000
CDELT1  =   -0.003594602
CDELT2  =    0.003594602
CROTA2  =  372.666303
EQUINOX = 2000.0
END
