SIMPLE  = T
BITPIX  = -64
NAXIS   = 2
NAXIS1  = 1855
NAXIS2  = 1855
CTYPE1  = 'RA---TAN'
CTYPE2  = 'DEC--TAN'
CRVAL1  =   27.353550
CRVAL2  =   21.997280
CRPIX1  =  928.000000
CRPIX2  =  928.000000
CDELT1  =   -0.002695951
CDELT2  =    0.002695951
CROTA2  =  372.666303
EQUINOX = 2000.0
END
