SIMPLE  = T
BITPIX  = -64
NAXIS   = 2
NAXIS1  = 200
NAXIS2  = 200
CTYPE1  = 'RA---TAN'
CTYPE2  = 'DEC--TAN'
CRVAL1  =   23.771250
CRVAL2  =  -41.436760
CRPIX1  =  100.500000
CRPIX2  =  100.500000
CDELT1  =   -0.025048835
CDELT2  =    0.025048835
CROTA2  =  354.349246
EQUINOX = 2000.0
END
