SIMPLE  = T
BITPIX  = -64
NAXIS   = 2
NAXIS1  = 267
NAXIS2  = 267
CTYPE1  = 'RA---TAN'
CTYPE2  = 'DEC--TAN'
CRVAL1  =   23.771250
CRVAL2  =  -41.436760
CRPIX1  =  134.000000
CRPIX2  =  134.000000
CDELT1  =   -0.018786626
CDELT2  =    0.018786626
CROTA2  =  354.349246
EQUINOX = 2000.0
END
