SIMPLE  = T
BITPIX  = -64
NAXIS   = 2
NAXIS1  = 343
NAXIS2  = 343
CTYPE1  = 'RA---TAN'
CTYPE2  = 'DEC--TAN'
CRVAL1  =   56.478750
CRVAL2  =  -36.356950
CRPIX1  =  172.000000
CRPIX2  =  172.000000
CDELT1  =   -0.014617697
CDELT2  =    0.014617697
CROTA2  =  270.445658
EQUINOX = 2000.0
END
