SIMPLE  = T
BITPIX  = -64
NAXIS   = 2
NAXIS1  = 514
NAXIS2  = 514
CTYPE1  = 'RA---TAN'
CTYPE2  = 'DEC--TAN'
CRVAL1  =   56.478750
CRVAL2  =  -36.356950
CRPIX1  =  257.500000
CRPIX2  =  257.500000
CDELT1  =   -0.009745131
CDELT2  =    0.009745131
CROTA2  =  270.445658
EQUINOX = 2000.0
END
