SIMPLE  = T
BITPIX  = -64
NAXIS   = 2
NAXIS1  = 646
NAXIS2  = 646
CTYPE1  = 'RA---TAN'
CTYPE2  = 'DEC--TAN'
CRVAL1  =   52.203150
CRVAL2  =  -35.178250
CRPIX1  =  323.500000
CRPIX2  =  323.500000
CDELT1  =   -0.007742459
CDELT2  =    0.007742459
CROTA2  =  316.889785
EQUINOX = 2000.0
END
