SIMPLE  = T
BITPIX  = -64
NAXIS   = 2
NAXIS1  = 615
NAXIS2  = 615
CTYPE1  = 'RA---TAN'
CTYPE2  = 'DEC--TAN'
CRVAL1  =   76.926300
CRVAL2  =  -37.512960
CRPIX1  =  308.000000
CRPIX2  =  308.000000
CDELT1  =   -0.008143060
CDELT2  =    0.008143060
CROTA2  =  325.574554
EQUINOX = 2000.0
END
