SIMPLE  = T
BITPIX  = -64
NAXIS   = 2
NAXIS1  = 685
NAXIS2  = 685
CTYPE1  = 'RA---TAN'
CTYPE2  = 'DEC--TAN'
CRVAL1  =   56.478750
CRVAL2  =  -36.356950
CRPIX1  =  343.000000
CRPIX2  =  343.000000
CDELT1  =   -0.007308848
CDELT2  =    0.007308848
CROTA2  =  270.445658
EQUINOX = 2000.0
END
