SIMPLE  = T
BITPIX  = -64
NAXIS   = 2
NAXIS1  = 1292
NAXIS2  = 1292
CTYPE1  = 'RA---TAN'
CTYPE2  = 'DEC--TAN'
CRVAL1  =   52.203150
CRVAL2  =  -35.178250
CRPIX1  =  646.500000
CRPIX2  =  646.500000
CDELT1  =   -0.003871230
CDELT2  =    0.003871230
CROTA2  =  316.889785
EQUINOX = 2000.0
END
