SIMPLE  = T
BITPIX  = -64
NAXIS   = 2
NAXIS1  = 969
NAXIS2  = 969
CTYPE1  = 'RA---TAN'
CTYPE2  = 'DEC--TAN'
CRVAL1  =   52.203150
CRVAL2  =  -35.178250
CRPIX1  =  485.000000
CRPIX2  =  485.000000
CDELT1  =   -0.005161639
CDELT2  =    0.005161639
CROTA2  =  316.889785
EQUINOX = 2000.0
END
