SIMPLE  = T
BITPIX  = -64
NAXIS   = 2
NAXIS1  = 819
NAXIS2  = 819
CTYPE1  = 'RA---TAN'
CTYPE2  = 'DEC--TAN'
CRVAL1  =   76.926300
CRVAL2  =  -37.512960
CRPIX1  =  410.000000
CRPIX2  =  410.000000
CDELT1  =   -0.006107295
CDELT2  =    0.006107295
CROTA2  =  325.574554
EQUINOX = 2000.0
END
