SIMPLE  = T
BITPIX  = -64
NAXIS   = 2
NAXIS1  = 410
NAXIS2  = 410
CTYPE1  = 'RA---TAN'
CTYPE2  = 'DEC--TAN'
CRVAL1  =   76.926300
CRVAL2  =  -37.512960
CRPIX1  =  205.500000
CRPIX2  =  205.500000
CDELT1  =   -0.012214589
CDELT2  =    0.012214589
CROTA2  =  325.574554
EQUINOX = 2000.0
END
