SIMPLE  = T
BITPIX  = -64
NAXIS   = 2
NAXIS1  = 1052
NAXIS2  = 1052
CTYPE1  = 'RA---TAN'
CTYPE2  = 'DEC--TAN'
CRVAL1  =  146.425200
CRVAL2  =  -14.326380
CRPIX1  =  526.500000
CRPIX2  =  526.500000
CDELT1  =   -0.004755454
CDELT2  =    0.004755454
CROTA2  =  259.353578
EQUINOX = 2000.0
END
