SIMPLE  = T
BITPIX  = -64
NAXIS   = 2
NAXIS1  = 1578
NAXIS2  = 1578
CTYPE1  = 'RA---TAN'
CTYPE2  = 'DEC--TAN'
CRVAL1  =  146.425200
CRVAL2  =  -14.326380
CRPIX1  =  789.500000
CRPIX2  =  789.500000
CDELT1  =   -0.003170302
CDELT2  =    0.003170302
CROTA2  =  259.353578
EQUINOX = 2000.0
END
