SIMPLE  = T
BITPIX  = -64
NAXIS   = 2
NAXIS1  = 2103
NAXIS2  = 2103
CTYPE1  = 'RA---TAN'
CTYPE2  = 'DEC--TAN'
CRVAL1  =  146.425200
CRVAL2  =  -14.326380
CRPIX1  = 1052.000000
CRPIX2  = 1052.000000
CDELT1  =   -0.002377727
CDELT2  =    0.002377727
CROTA2  =  259.353578
EQUINOX = 2000.0
END
