SIMPLE  = T
BITPIX  = -64
NAXIS   = 2
NAXIS1  = 810
NAXIS2  = 810
CTYPE1  = 'RA---TAN'
CTYPE2  = 'DEC--TAN'
CRVAL1  =  154.526250
CRVAL2  =   21.832720
CRPIX1  =  405.500000
CRPIX2  =  405.500000
CDELT1  =   -0.006178441
CDELT2  =    0.006178441
CROTA2  =  331.895964
EQUINOX = 2000.0
END
