SIMPLE  = T
BITPIX  = -64
NAXIS   = 2
NAXIS1  = 1631
NAXIS2  = 1631
CTYPE1  = 'RA---TAN'
CTYPE2  = 'DEC--TAN'
CRVAL1  =  163.664250
CRVAL2  =   54.305150
CRPIX1  =  816.000000
CRPIX2  =  816.000000
CDELT1  =   -0.003066782
CDELT2  =    0.003066782
CROTA2  =  386.877363
EQUINOX = 2000.0
END
