SIMPLE  = T
BITPIX  = -64
NAXIS   = 2
NAXIS1  = 1100
NAXIS2  = 1100
CTYPE1  = 'RA---TAN'
CTYPE2  = 'DEC--TAN'
CRVAL1  =  150.490950
CRVAL2  =   55.679820
CRPIX1  =  550.500000
CRPIX2  =  550.500000
CDELT1  =   -0.004548300
CDELT2  =    0.004548300
CROTA2  =  286.222715
EQUINOX = 2000.0
END
