SIMPLE  = T
BITPIX  = -64
NAXIS   = 2
NAXIS1  = 1243
NAXIS2  = 1243
CTYPE1  = 'RA---TAN'
CTYPE2  = 'DEC--TAN'
CRVAL1  =  162.480600
CRVAL2  =   32.990780
CRPIX1  =  622.000000
CRPIX2  =  622.000000
CDELT1  =   -0.004023356
CDELT2  =    0.004023356
CROTA2  =  380.850917
EQUINOX = 2000.0
END
