SIMPLE  = T
BITPIX  = -64
NAXIS   = 2
NAXIS1  = 1214
NAXIS2  = 1214
CTYPE1  = 'RA---TAN'
CTYPE2  = 'DEC--TAN'
CRVAL1  =  154.526250
CRVAL2  =   21.832720
CRPIX1  =  607.500000
CRPIX2  =  607.500000
CDELT1  =   -0.004118960
CDELT2  =    0.004118960
CROTA2  =  331.895964
EQUINOX = 2000.0
END
