SIMPLE  = T
BITPIX  = -64
NAXIS   = 2
NAXIS1  = 1223
NAXIS2  = 1223
CTYPE1  = 'RA---TAN'
CTYPE2  = 'DEC--TAN'
CRVAL1  =  163.664250
CRVAL2  =   54.305150
CRPIX1  =  612.000000
CRPIX2  =  612.000000
CDELT1  =   -0.004089043
CDELT2  =    0.004089043
CROTA2  =  386.877363
EQUINOX = 2000.0
END
