SIMPLE  = T
BITPIX  = -64
NAXIS   = 2
NAXIS1  = 1504
NAXIS2  = 1504
CTYPE1  = 'RA---TAN'
CTYPE2  = 'DEC--TAN'
CRVAL1  =  165.697050
CRVAL2  =   17.989490
CRPIX1  =  752.500000
CRPIX2  =  752.500000
CDELT1  =   -0.003325439
CDELT2  =    0.003325439
CROTA2  =  241.547674
EQUINOX = 2000.0
END
