SIMPLE  = T
BITPIX  = -64
NAXIS   = 2
NAXIS1  = 825
NAXIS2  = 825
CTYPE1  = 'RA---TAN'
CTYPE2  = 'DEC--TAN'
CRVAL1  =  150.490950
CRVAL2  =   55.679820
CRPIX1  =  413.000000
CRPIX2  =  413.000000
CDELT1  =   -0.006064400
CDELT2  =    0.006064400
CROTA2  =  286.222715
EQUINOX = 2000.0
END
