SIMPLE  = T
BITPIX  = -64
NAXIS   = 2
NAXIS1  = 550
NAXIS2  = 550
CTYPE1  = 'RA---TAN'
CTYPE2  = 'DEC--TAN'
CRVAL1  =  150.490950
CRVAL2  =   55.679820
CRPIX1  =  275.500000
CRPIX2  =  275.500000
CDELT1  =   -0.009096600
CDELT2  =    0.009096600
CROTA2  =  286.222715
EQUINOX = 2000.0
END
