SIMPLE  = T
BITPIX  = -64
NAXIS   = 2
NAXIS1  = 829
NAXIS2  = 829
CTYPE1  = 'RA---TAN'
CTYPE2  = 'DEC--TAN'
CRVAL1  =  162.480600
CRVAL2  =   32.990780
CRPIX1  =  415.000000
CRPIX2  =  415.000000
CDELT1  =   -0.006035033
CDELT2  =    0.006035033
CROTA2  =  380.850917
EQUINOX = 2000.0
END
