SIMPLE  = T
BITPIX  = -64
NAXIS   = 2
NAXIS1  = 1657
NAXIS2  = 1657
CTYPE1  = 'RA---TAN'
CTYPE2  = 'DEC--TAN'
CRVAL1  =  162.480600
CRVAL2  =   32.990780
CRPIX1  =  829.000000
CRPIX2  =  829.000000
CDELT1  =   -0.003017517
CDELT2  =    0.003017517
CROTA2  =  380.850917
EQUINOX = 2000.0
END
