SIMPLE  = T
BITPIX  = -64
NAXIS   = 2
NAXIS1  = 2687
NAXIS2  = 2687
CTYPE1  = 'RA---TAN'
CTYPE2  = 'DEC--TAN'
CRVAL1  =  172.101150
CRVAL2  =    9.407540
CRPIX1  = 1344.000000
CRPIX2  = 1344.000000
CDELT1  =   -0.001861440
CDELT2  =    0.001861440
CROTA2  =  357.087351
EQUINOX = 2000.0
END
