SIMPLE  = T
BITPIX  = -64
NAXIS   = 2
NAXIS1  = 816
NAXIS2  = 816
CTYPE1  = 'RA---TAN'
CTYPE2  = 'DEC--TAN'
CRVAL1  =  163.664250
CRVAL2  =   54.305150
CRPIX1  =  408.500000
CRPIX2  =  408.500000
CDELT1  =   -0.006133565
CDELT2  =    0.006133565
CROTA2  =  386.877363
EQUINOX = 2000.0
END
