SIMPLE  = T
BITPIX  = -64
NAXIS   = 2
NAXIS1  = 705
NAXIS2  = 705
CTYPE1  = 'RA---TAN'
CTYPE2  = 'DEC--TAN'
CRVAL1  =  188.533950
CRVAL2  =    2.653340
CRPIX1  =  353.000000
CRPIX2  =  353.000000
CDELT1  =   -0.007092309
CDELT2  =    0.007092309
CROTA2  =  385.386257
EQUINOX = 2000.0
END
