SIMPLE  = T
BITPIX  = -64
NAXIS   = 2
NAXIS1  = 579
NAXIS2  = 579
CTYPE1  = 'RA---TAN'
CTYPE2  = 'DEC--TAN'
CRVAL1  =  186.445050
CRVAL2  =   12.662020
CRPIX1  =  290.000000
CRPIX2  =  290.000000
CDELT1  =   -0.008647265
CDELT2  =    0.008647265
CROTA2  =  360.360628
EQUINOX = 2000.0
END
