SIMPLE  = T
BITPIX  = -64
NAXIS   = 2
NAXIS1  = 846
NAXIS2  = 846
CTYPE1  = 'RA---TAN'
CTYPE2  = 'DEC--TAN'
CRVAL1  =  183.451200
CRVAL2  =   14.899960
CRPIX1  =  423.500000
CRPIX2  =  423.500000
CDELT1  =   -0.005913559
CDELT2  =    0.005913559
CROTA2  =  294.460147
EQUINOX = 2000.0
END
