SIMPLE  = T
BITPIX  = -64
NAXIS   = 2
NAXIS1  = 715
NAXIS2  = 715
CTYPE1  = 'RA---TAN'
CTYPE2  = 'DEC--TAN'
CRVAL1  =  185.426400
CRVAL2  =   14.598140
CRPIX1  =  358.000000
CRPIX2  =  358.000000
CDELT1  =   -0.006994999
CDELT2  =    0.006994999
CROTA2  =  271.854812
EQUINOX = 2000.0
END
