SIMPLE  = T
BITPIX  = -64
NAXIS   = 2
NAXIS1  = 870
NAXIS2  = 870
CTYPE1  = 'RA---TAN'
CTYPE2  = 'DEC--TAN'
CRVAL1  =  189.618300
CRVAL2  =    4.319020
CRPIX1  =  435.500000
CRPIX2  =  435.500000
CDELT1  =   -0.005752397
CDELT2  =    0.005752397
CROTA2  =  336.001096
EQUINOX = 2000.0
END
