SIMPLE  = T
BITPIX  = -64
NAXIS   = 2
NAXIS1  = 987
NAXIS2  = 987
CTYPE1  = 'RA---TAN'
CTYPE2  = 'DEC--TAN'
CRVAL1  =  184.094100
CRVAL2  =   13.307240
CRPIX1  =  494.000000
CRPIX2  =  494.000000
CDELT1  =   -0.005067430
CDELT2  =    0.005067430
CROTA2  =  391.843502
EQUINOX = 2000.0
END
