SIMPLE  = T
BITPIX  = -64
NAXIS   = 2
NAXIS1  = 402
NAXIS2  = 402
CTYPE1  = 'RA---TAN'
CTYPE2  = 'DEC--TAN'
CRVAL1  =  189.086550
CRVAL2  =   25.987190
CRPIX1  =  201.500000
CRPIX2  =  201.500000
CDELT1  =   -0.012441686
CDELT2  =    0.012441686
CROTA2  =  313.949294
EQUINOX = 2000.0
END
