SIMPLE  = T
BITPIX  = -64
NAXIS   = 2
NAXIS1  = 804
NAXIS2  = 804
CTYPE1  = 'RA---TAN'
CTYPE2  = 'DEC--TAN'
CRVAL1  =  189.086550
CRVAL2  =   25.987190
CRPIX1  =  402.500000
CRPIX2  =  402.500000
CDELT1  =   -0.006220843
CDELT2  =    0.006220843
CROTA2  =  313.949294
EQUINOX = 2000.0
END
