SIMPLE  = T
BITPIX  = -64
NAXIS   = 2
NAXIS1  = 344
NAXIS2  = 344
CTYPE1  = 'RA---TAN'
CTYPE2  = 'DEC--TAN'
CRVAL1  =  182.493750
CRVAL2  =   46.457310
CRPIX1  =  172.500000
CRPIX2  =  172.500000
CDELT1  =   -0.014547470
CDELT2  =    0.014547470
CROTA2  =  346.996377
EQUINOX = 2000.0
END
