SIMPLE  = T
BITPIX  = -64
NAXIS   = 2
NAXIS1  = 836
NAXIS2  = 836
CTYPE1  = 'RA---TAN'
CTYPE2  = 'DEC--TAN'
CRVAL1  =  187.366800
CRVAL2  =    8.749940
CRPIX1  =  418.500000
CRPIX2  =  418.500000
CDELT1  =   -0.005981193
CDELT2  =    0.005981193
CROTA2  =  361.931707
EQUINOX = 2000.0
END
