SIMPLE  = T
BITPIX  = -64
NAXIS   = 2
NAXIS1  = 1157
NAXIS2  = 1157
CTYPE1  = 'RA---TAN'
CTYPE2  = 'DEC--TAN'
CRVAL1  =  186.445050
CRVAL2  =   12.662020
CRPIX1  =  579.000000
CRPIX2  =  579.000000
CDELT1  =   -0.004323633
CDELT2  =    0.004323633
CROTA2  =  360.360628
EQUINOX = 2000.0
END
