SIMPLE  = T
BITPIX  = -64
NAXIS   = 2
NAXIS1  = 652
NAXIS2  = 652
CTYPE1  = 'RA---TAN'
CTYPE2  = 'DEC--TAN'
CRVAL1  =  189.618300
CRVAL2  =    4.319020
CRPIX1  =  326.500000
CRPIX2  =  326.500000
CDELT1  =   -0.007669863
CDELT2  =    0.007669863
CROTA2  =  336.001096
EQUINOX = 2000.0
END
