SIMPLE  = T
BITPIX  = -64
NAXIS   = 2
NAXIS1  = 926
NAXIS2  = 926
CTYPE1  = 'RA---TAN'
CTYPE2  = 'DEC--TAN'
CRVAL1  =  194.505000
CRVAL2  =    1.575870
CRPIX1  =  463.500000
CRPIX2  =  463.500000
CDELT1  =   -0.005404900
CDELT2  =    0.005404900
CROTA2  =  370.363740
EQUINOX = 2000.0
END
