SIMPLE  = T
BITPIX  = -64
NAXIS   = 2
NAXIS1  = 926
NAXIS2  = 926
CTYPE1  = 'RA---TAN'
CTYPE2  = 'DEC--TAN'
CRVAL1  =  183.962250
CRVAL2  =   47.091900
CRPIX1  =  463.500000
CRPIX2  =  463.500000
CDELT1  =   -0.005404900
CDELT2  =    0.005404900
CROTA2  =  226.674725
EQUINOX = 2000.0
END
