SIMPLE  = T
BITPIX  = -64
NAXIS   = 2
NAXIS1  = 1248
NAXIS2  = 1248
CTYPE1  = 'RA---TAN'
CTYPE2  = 'DEC--TAN'
CRVAL1  =  183.193200
CRVAL2  =   10.865850
CRPIX1  =  624.500000
CRPIX2  =  624.500000
CDELT1  =   -0.004006711
CDELT2  =    0.004006711
CROTA2  =  238.046605
EQUINOX = 2000.0
END
