SIMPLE  = T
BITPIX  = -64
NAXIS   = 2
NAXIS1  = 489
NAXIS2  = 489
CTYPE1  = 'RA---TAN'
CTYPE2  = 'DEC--TAN'
CRVAL1  =  190.532850
CRVAL2  =   32.542390
CRPIX1  =  245.000000
CRPIX2  =  245.000000
CDELT1  =   -0.010229369
CDELT2  =    0.010229369
CROTA2  =  366.924269
EQUINOX = 2000.0
END
