SIMPLE  = T
BITPIX  = -64
NAXIS   = 2
NAXIS1  = 1110
NAXIS2  = 1110
CTYPE1  = 'RA---TAN'
CTYPE2  = 'DEC--TAN'
CRVAL1  =  183.320400
CRVAL2  =   43.698540
CRPIX1  =  555.500000
CRPIX2  =  555.500000
CDELT1  =   -0.004506599
CDELT2  =    0.004506599
CROTA2  =  280.295211
EQUINOX = 2000.0
END
