SIMPLE  = T
BITPIX  = -64
NAXIS   = 2
NAXIS1  = 775
NAXIS2  = 775
CTYPE1  = 'RA---TAN'
CTYPE2  = 'DEC--TAN'
CRVAL1  =  189.828150
CRVAL2  =   -0.531960
CRPIX1  =  388.000000
CRPIX2  =  388.000000
CDELT1  =   -0.006454299
CDELT2  =    0.006454299
CROTA2  =  356.624259
EQUINOX = 2000.0
END
