SIMPLE  = T
BITPIX  = -64
NAXIS   = 2
NAXIS1  = 689
NAXIS2  = 689
CTYPE1  = 'RA---TAN'
CTYPE2  = 'DEC--TAN'
CRVAL1  =  183.976350
CRVAL2  =   13.149580
CRPIX1  =  345.000000
CRPIX2  =  345.000000
CDELT1  =   -0.007257506
CDELT2  =    0.007257506
CROTA2  =  248.998699
EQUINOX = 2000.0
END
