SIMPLE  = T
BITPIX  = -64
NAXIS   = 2
NAXIS1  = 460
NAXIS2  = 460
CTYPE1  = 'RA---TAN'
CTYPE2  = 'DEC--TAN'
CRVAL1  =  183.976350
CRVAL2  =   13.149580
CRPIX1  =  230.500000
CRPIX2  =  230.500000
CDELT1  =   -0.010886260
CDELT2  =    0.010886260
CROTA2  =  248.998699
EQUINOX = 2000.0
END
