SIMPLE  = T
BITPIX  = -64
NAXIS   = 2
NAXIS1  = 658
NAXIS2  = 658
CTYPE1  = 'RA---TAN'
CTYPE2  = 'DEC--TAN'
CRVAL1  =  184.094100
CRVAL2  =   13.307240
CRPIX1  =  329.500000
CRPIX2  =  329.500000
CDELT1  =   -0.007601145
CDELT2  =    0.007601145
CROTA2  =  391.843502
EQUINOX = 2000.0
END
