SIMPLE  = T
BITPIX  = -64
NAXIS   = 2
NAXIS1  = 449
NAXIS2  = 449
CTYPE1  = 'RA---TAN'
CTYPE2  = 'DEC--TAN'
CRVAL1  =  193.184700
CRVAL2  =   15.846560
CRPIX1  =  225.000000
CRPIX2  =  225.000000
CDELT1  =   -0.011139839
CDELT2  =    0.011139839
CROTA2  =  295.111210
EQUINOX = 2000.0
END
