SIMPLE  = T
BITPIX  = -64
NAXIS   = 2
NAXIS1  = 477
NAXIS2  = 477
CTYPE1  = 'RA---TAN'
CTYPE2  = 'DEC--TAN'
CRVAL1  =  185.426400
CRVAL2  =   14.598140
CRPIX1  =  239.000000
CRPIX2  =  239.000000
CDELT1  =   -0.010492498
CDELT2  =    0.010492498
CROTA2  =  271.854812
EQUINOX = 2000.0
END
