SIMPLE  = T
BITPIX  = -64
NAXIS   = 2
NAXIS1  = 536
NAXIS2  = 536
CTYPE1  = 'RA---TAN'
CTYPE2  = 'DEC--TAN'
CRVAL1  =  187.714050
CRVAL2  =    8.360110
CRPIX1  =  268.500000
CRPIX2  =  268.500000
CDELT1  =   -0.009329296
CDELT2  =    0.009329296
CROTA2  =  262.896893
EQUINOX = 2000.0
END
