SIMPLE  = T
BITPIX  = -64
NAXIS   = 2
NAXIS1  = 600
NAXIS2  = 600
CTYPE1  = 'RA---TAN'
CTYPE2  = 'DEC--TAN'
CRVAL1  =  187.066500
CRVAL2  =    9.436290
CRPIX1  =  300.500000
CRPIX2  =  300.500000
CDELT1  =   -0.008334489
CDELT2  =    0.008334489
CROTA2  =  347.326700
EQUINOX = 2000.0
END
