SIMPLE  = T
BITPIX  = -64
NAXIS   = 2
NAXIS1  = 333
NAXIS2  = 333
CTYPE1  = 'RA---TAN'
CTYPE2  = 'DEC--TAN'
CRVAL1  =  185.630550
CRVAL2  =   15.537860
CRPIX1  =  167.000000
CRPIX2  =  167.000000
CDELT1  =   -0.015027233
CDELT2  =    0.015027233
CROTA2  =  280.124445
EQUINOX = 2000.0
END
