SIMPLE  = T
BITPIX  = -64
NAXIS   = 2
NAXIS1  = 555
NAXIS2  = 555
CTYPE1  = 'RA---TAN'
CTYPE2  = 'DEC--TAN'
CRVAL1  =  188.580900
CRVAL2  =    6.467560
CRPIX1  =  278.000000
CRPIX2  =  278.000000
CDELT1  =   -0.009011307
CDELT2  =    0.009011307
CROTA2  =  290.442856
EQUINOX = 2000.0
END
