SIMPLE  = T
BITPIX  = -64
NAXIS   = 2
NAXIS1  = 938
NAXIS2  = 938
CTYPE1  = 'RA---TAN'
CTYPE2  = 'DEC--TAN'
CRVAL1  =  179.630700
CRVAL2  =   43.946730
CRPIX1  =  469.500000
CRPIX2  =  469.500000
CDELT1  =   -0.005330741
CDELT2  =    0.005330741
CROTA2  =  383.872340
EQUINOX = 2000.0
END
