SIMPLE  = T
BITPIX  = -64
NAXIS   = 2
NAXIS1  = 603
NAXIS2  = 603
CTYPE1  = 'RA---TAN'
CTYPE2  = 'DEC--TAN'
CRVAL1  =  189.086550
CRVAL2  =   25.987190
CRPIX1  =  302.000000
CRPIX2  =  302.000000
CDELT1  =   -0.008294458
CDELT2  =    0.008294458
CROTA2  =  313.949294
EQUINOX = 2000.0
END
