SIMPLE  = T
BITPIX  = -64
NAXIS   = 2
NAXIS1  = 954
NAXIS2  = 954
CTYPE1  = 'RA---TAN'
CTYPE2  = 'DEC--TAN'
CRVAL1  =  185.426400
CRVAL2  =   14.598140
CRPIX1  =  477.500000
CRPIX2  =  477.500000
CDELT1  =   -0.005246249
CDELT2  =    0.005246249
CROTA2  =  271.854812
EQUINOX = 2000.0
END
