SIMPLE  = T
BITPIX  = -64
NAXIS   = 2
NAXIS1  = 827
NAXIS2  = 827
CTYPE1  = 'RA---TAN'
CTYPE2  = 'DEC--TAN'
CRVAL1  =  186.531600
CRVAL2  =   13.113120
CRPIX1  =  414.000000
CRPIX2  =  414.000000
CDELT1  =   -0.006051307
CDELT2  =    0.006051307
CROTA2  =  360.317924
EQUINOX = 2000.0
END
