SIMPLE  = T
BITPIX  = -64
NAXIS   = 2
NAXIS1  = 740
NAXIS2  = 740
CTYPE1  = 'RA---TAN'
CTYPE2  = 'DEC--TAN'
CRVAL1  =  188.580900
CRVAL2  =    6.467560
CRPIX1  =  370.500000
CRPIX2  =  370.500000
CDELT1  =   -0.006758480
CDELT2  =    0.006758480
CROTA2  =  290.442856
EQUINOX = 2000.0
END
