SIMPLE  = T
BITPIX  = -64
NAXIS   = 2
NAXIS1  = 559
NAXIS2  = 559
CTYPE1  = 'RA---TAN'
CTYPE2  = 'DEC--TAN'
CRVAL1  =  188.189550
CRVAL2  =    0.114620
CRPIX1  =  280.000000
CRPIX2  =  280.000000
CDELT1  =   -0.008950530
CDELT2  =    0.008950530
CROTA2  =  367.935366
EQUINOX = 2000.0
END
