SIMPLE  = T
BITPIX  = -64
NAXIS   = 2
NAXIS1  = 1664
NAXIS2  = 1664
CTYPE1  = 'RA---TAN'
CTYPE2  = 'DEC--TAN'
CRVAL1  =  183.193200
CRVAL2  =   10.865850
CRPIX1  =  832.500000
CRPIX2  =  832.500000
CDELT1  =   -0.003005033
CDELT2  =    0.003005033
CROTA2  =  238.046605
EQUINOX = 2000.0
END
