SIMPLE  = T
BITPIX  = -64
NAXIS   = 2
NAXIS1  = 582
NAXIS2  = 582
CTYPE1  = 'RA---TAN'
CTYPE2  = 'DEC--TAN'
CRVAL1  =  189.828150
CRVAL2  =   -0.531960
CRPIX1  =  291.500000
CRPIX2  =  291.500000
CDELT1  =   -0.008605731
CDELT2  =    0.008605731
CROTA2  =  356.624259
EQUINOX = 2000.0
END
