SIMPLE  = T
BITPIX  = -64
NAXIS   = 2
NAXIS1  = 666
NAXIS2  = 666
CTYPE1  = 'RA---TAN'
CTYPE2  = 'DEC--TAN'
CRVAL1  =  185.630550
CRVAL2  =   15.537860
CRPIX1  =  333.500000
CRPIX2  =  333.500000
CDELT1  =   -0.007513617
CDELT2  =    0.007513617
CROTA2  =  280.124445
EQUINOX = 2000.0
END
