SIMPLE  = T
BITPIX  = -64
NAXIS   = 2
NAXIS1  = 617
NAXIS2  = 617
CTYPE1  = 'RA---TAN'
CTYPE2  = 'DEC--TAN'
CRVAL1  =  194.505000
CRVAL2  =    1.575870
CRPIX1  =  309.000000
CRPIX2  =  309.000000
CDELT1  =   -0.008107350
CDELT2  =    0.008107350
CROTA2  =  370.363740
EQUINOX = 2000.0
END
