SIMPLE  = T
BITPIX  = -64
NAXIS   = 2
NAXIS1  = 815
NAXIS2  = 815
CTYPE1  = 'RA---TAN'
CTYPE2  = 'DEC--TAN'
CRVAL1  =  185.660550
CRVAL2  =   11.800840
CRPIX1  =  408.000000
CRPIX2  =  408.000000
CDELT1  =   -0.006135483
CDELT2  =    0.006135483
CROTA2  =  310.703614
EQUINOX = 2000.0
END
