SIMPLE  = T
BITPIX  = -64
NAXIS   = 2
NAXIS1  = 147
NAXIS2  = 147
CTYPE1  = 'RA---TAN'
CTYPE2  = 'DEC--TAN'
CRVAL1  =  184.175250
CRVAL2  =   69.462570
CRPIX1  =   74.000000
CRPIX2  =   74.000000
CDELT1  =   -0.034109784
CDELT2  =    0.034109784
CROTA2  =  289.960355
EQUINOX = 2000.0
END
