SIMPLE  = T
BITPIX  = -64
NAXIS   = 2
NAXIS1  = 280
NAXIS2  = 280
CTYPE1  = 'RA---TAN'
CTYPE2  = 'DEC--TAN'
CRVAL1  =  188.189550
CRVAL2  =    0.114620
CRPIX1  =  140.500000
CRPIX2  =  140.500000
CDELT1  =   -0.017901061
CDELT2  =    0.017901061
CROTA2  =  367.935366
EQUINOX = 2000.0
END
