SIMPLE  = T
BITPIX  = -64
NAXIS   = 2
NAXIS1  = 833
NAXIS2  = 833
CTYPE1  = 'RA---TAN'
CTYPE2  = 'DEC--TAN'
CRVAL1  =  183.320400
CRVAL2  =   43.698540
CRPIX1  =  417.000000
CRPIX2  =  417.000000
CDELT1  =   -0.006008799
CDELT2  =    0.006008799
CROTA2  =  280.295211
EQUINOX = 2000.0
END
