SIMPLE  = T
BITPIX  = -64
NAXIS   = 2
NAXIS1  = 414
NAXIS2  = 414
CTYPE1  = 'RA---TAN'
CTYPE2  = 'DEC--TAN'
CRVAL1  =  186.531600
CRVAL2  =   13.113120
CRPIX1  =  207.500000
CRPIX2  =  207.500000
CDELT1  =   -0.012102614
CDELT2  =    0.012102614
CROTA2  =  360.317924
EQUINOX = 2000.0
END
