SIMPLE  = T
BITPIX  = -64
NAXIS   = 2
NAXIS1  = 220
NAXIS2  = 220
CTYPE1  = 'RA---TAN'
CTYPE2  = 'DEC--TAN'
CRVAL1  =  184.175250
CRVAL2  =   69.462570
CRPIX1  =  110.500000
CRPIX2  =  110.500000
CDELT1  =   -0.022739856
CDELT2  =    0.022739856
CROTA2  =  289.960355
EQUINOX = 2000.0
END
