SIMPLE  = T
BITPIX  = -64
NAXIS   = 2
NAXIS1  = 1316
NAXIS2  = 1316
CTYPE1  = 'RA---TAN'
CTYPE2  = 'DEC--TAN'
CRVAL1  =  184.094100
CRVAL2  =   13.307240
CRPIX1  =  658.500000
CRPIX2  =  658.500000
CDELT1  =   -0.003800573
CDELT2  =    0.003800573
CROTA2  =  391.843502
EQUINOX = 2000.0
END
