SIMPLE  = T
BITPIX  = -64
NAXIS   = 2
NAXIS1  = 934
NAXIS2  = 934
CTYPE1  = 'RA---TAN'
CTYPE2  = 'DEC--TAN'
CRVAL1  =  184.291200
CRVAL2  =    7.191570
CRPIX1  =  467.500000
CRPIX2  =  467.500000
CDELT1  =   -0.005355345
CDELT2  =    0.005355345
CROTA2  =  399.135589
EQUINOX = 2000.0
END
