SIMPLE  = T
BITPIX  = -64
NAXIS   = 2
NAXIS1  = 1234
NAXIS2  = 1234
CTYPE1  = 'RA---TAN'
CTYPE2  = 'DEC--TAN'
CRVAL1  =  194.505000
CRVAL2  =    1.575870
CRPIX1  =  617.500000
CRPIX2  =  617.500000
CDELT1  =   -0.004053675
CDELT2  =    0.004053675
CROTA2  =  370.363740
EQUINOX = 2000.0
END
