SIMPLE  = T
BITPIX  = -64
NAXIS   = 2
NAXIS1  = 900
NAXIS2  = 900
CTYPE1  = 'RA---TAN'
CTYPE2  = 'DEC--TAN'
CRVAL1  =  187.066500
CRVAL2  =    9.436290
CRPIX1  =  450.500000
CRPIX2  =  450.500000
CDELT1  =   -0.005556326
CDELT2  =    0.005556326
CROTA2  =  347.326700
EQUINOX = 2000.0
END
