SIMPLE  = T
BITPIX  = -64
NAXIS   = 2
NAXIS1  = 500
NAXIS2  = 500
CTYPE1  = 'RA---TAN'
CTYPE2  = 'DEC--TAN'
CRVAL1  =  185.630550
CRVAL2  =   15.537860
CRPIX1  =  250.500000
CRPIX2  =  250.500000
CDELT1  =   -0.010018156
CDELT2  =    0.010018156
CROTA2  =  280.124445
EQUINOX = 2000.0
END
