SIMPLE  = T
BITPIX  = -64
NAXIS   = 2
NAXIS1  = 555
NAXIS2  = 555
CTYPE1  = 'RA---TAN'
CTYPE2  = 'DEC--TAN'
CRVAL1  =  183.320400
CRVAL2  =   43.698540
CRPIX1  =  278.000000
CRPIX2  =  278.000000
CDELT1  =   -0.009013198
CDELT2  =    0.009013198
CROTA2  =  280.295211
EQUINOX = 2000.0
END
