SIMPLE  = T
BITPIX  = -64
NAXIS   = 2
NAXIS1  = 579
NAXIS2  = 579
CTYPE1  = 'RA---TAN'
CTYPE2  = 'DEC--TAN'
CRVAL1  =  186.735450
CRVAL2  =   15.047260
CRPIX1  =  290.000000
CRPIX2  =  290.000000
CDELT1  =   -0.008647265
CDELT2  =    0.008647265
CROTA2  =  314.073229
EQUINOX = 2000.0
END
