SIMPLE  = T
BITPIX  = -64
NAXIS   = 2
NAXIS1  = 435
NAXIS2  = 435
CTYPE1  = 'RA---TAN'
CTYPE2  = 'DEC--TAN'
CRVAL1  =  189.618300
CRVAL2  =    4.319020
CRPIX1  =  218.000000
CRPIX2  =  218.000000
CDELT1  =   -0.011504794
CDELT2  =    0.011504794
CROTA2  =  336.001096
EQUINOX = 2000.0
END
