SIMPLE  = T
BITPIX  = -64
NAXIS   = 2
NAXIS1  = 629
NAXIS2  = 629
CTYPE1  = 'RA---TAN'
CTYPE2  = 'DEC--TAN'
CRVAL1  =  183.820050
CRVAL2  =   13.023860
CRPIX1  =  315.000000
CRPIX2  =  315.000000
CDELT1  =   -0.007959376
CDELT2  =    0.007959376
CROTA2  =  268.323380
EQUINOX = 2000.0
END
