SIMPLE  = T
BITPIX  = -64
NAXIS   = 2
NAXIS1  = 996
NAXIS2  = 996
CTYPE1  = 'RA---TAN'
CTYPE2  = 'DEC--TAN'
CRVAL1  =  190.301400
CRVAL2  =   11.886270
CRPIX1  =  498.500000
CRPIX2  =  498.500000
CDELT1  =   -0.005020969
CDELT2  =    0.005020969
CROTA2  =  269.604531
EQUINOX = 2000.0
END
