SIMPLE  = T
BITPIX  = -64
NAXIS   = 2
NAXIS1  = 623
NAXIS2  = 623
CTYPE1  = 'RA---TAN'
CTYPE2  = 'DEC--TAN'
CRVAL1  =  184.291200
CRVAL2  =    7.191570
CRPIX1  =  312.000000
CRPIX2  =  312.000000
CDELT1  =   -0.008033018
CDELT2  =    0.008033018
CROTA2  =  399.135589
EQUINOX = 2000.0
END
