SIMPLE  = T
BITPIX  = -64
NAXIS   = 2
NAXIS1  = 940
NAXIS2  = 940
CTYPE1  = 'RA---TAN'
CTYPE2  = 'DEC--TAN'
CRVAL1  =  188.533950
CRVAL2  =    2.653340
CRPIX1  =  470.500000
CRPIX2  =  470.500000
CDELT1  =   -0.005319232
CDELT2  =    0.005319232
CROTA2  =  385.386257
EQUINOX = 2000.0
END
