SIMPLE  = T
BITPIX  = -64
NAXIS   = 2
NAXIS1  = 617
NAXIS2  = 617
CTYPE1  = 'RA---TAN'
CTYPE2  = 'DEC--TAN'
CRVAL1  =  183.962250
CRVAL2  =   47.091900
CRPIX1  =  309.000000
CRPIX2  =  309.000000
CDELT1  =   -0.008107350
CDELT2  =    0.008107350
CROTA2  =  226.674725
EQUINOX = 2000.0
END
