SIMPLE  = T
BITPIX  = -64
NAXIS   = 2
NAXIS1  = 832
NAXIS2  = 832
CTYPE1  = 'RA---TAN'
CTYPE2  = 'DEC--TAN'
CRVAL1  =  183.193200
CRVAL2  =   10.865850
CRPIX1  =  416.500000
CRPIX2  =  416.500000
CDELT1  =   -0.006010066
CDELT2  =    0.006010066
CROTA2  =  238.046605
EQUINOX = 2000.0
END
