SIMPLE  = T
BITPIX  = -64
NAXIS   = 2
NAXIS1  = 1553
NAXIS2  = 1553
CTYPE1  = 'RA---TAN'
CTYPE2  = 'DEC--TAN'
CRVAL1  =  185.523300
CRVAL2  =    9.043610
CRPIX1  =  777.000000
CRPIX2  =  777.000000
CDELT1  =   -0.003219949
CDELT2  =    0.003219949
CROTA2  =  245.981384
EQUINOX = 2000.0
END
