SIMPLE  = T
BITPIX  = -64
NAXIS   = 2
NAXIS1  = 635
NAXIS2  = 635
CTYPE1  = 'RA---TAN'
CTYPE2  = 'DEC--TAN'
CRVAL1  =  183.451200
CRVAL2  =   14.899960
CRPIX1  =  318.000000
CRPIX2  =  318.000000
CDELT1  =   -0.007884745
CDELT2  =    0.007884745
CROTA2  =  294.460147
EQUINOX = 2000.0
END
