SIMPLE  = T
BITPIX  = -64
NAXIS   = 2
NAXIS1  = 294
NAXIS2  = 294
CTYPE1  = 'RA---TAN'
CTYPE2  = 'DEC--TAN'
CRVAL1  =  184.175250
CRVAL2  =   69.462570
CRPIX1  =  147.500000
CRPIX2  =  147.500000
CDELT1  =   -0.017054892
CDELT2  =    0.017054892
CROTA2  =  289.960355
EQUINOX = 2000.0
END
