SIMPLE  = T
BITPIX  = -64
NAXIS   = 2
NAXIS1  = 674
NAXIS2  = 674
CTYPE1  = 'RA---TAN'
CTYPE2  = 'DEC--TAN'
CRVAL1  =  193.184700
CRVAL2  =   15.846560
CRPIX1  =  337.500000
CRPIX2  =  337.500000
CDELT1  =   -0.007426559
CDELT2  =    0.007426559
CROTA2  =  295.111210
EQUINOX = 2000.0
END
