SIMPLE  = T
BITPIX  = -64
NAXIS   = 2
NAXIS1  = 388
NAXIS2  = 388
CTYPE1  = 'RA---TAN'
CTYPE2  = 'DEC--TAN'
CRVAL1  =  189.828150
CRVAL2  =   -0.531960
CRPIX1  =  194.500000
CRPIX2  =  194.500000
CDELT1  =   -0.012908597
CDELT2  =    0.012908597
CROTA2  =  356.624259
EQUINOX = 2000.0
END
