SIMPLE  = T
BITPIX  = -64
NAXIS   = 2
NAXIS1  = 245
NAXIS2  = 245
CTYPE1  = 'RA---TAN'
CTYPE2  = 'DEC--TAN'
CRVAL1  =  190.532850
CRVAL2  =   32.542390
CRPIX1  =  123.000000
CRPIX2  =  123.000000
CDELT1  =   -0.020458739
CDELT2  =    0.020458739
CROTA2  =  366.924269
EQUINOX = 2000.0
END
