SIMPLE  = T
BITPIX  = -64
NAXIS   = 2
NAXIS1  = 919
NAXIS2  = 919
CTYPE1  = 'RA---TAN'
CTYPE2  = 'DEC--TAN'
CRVAL1  =  183.976350
CRVAL2  =   13.149580
CRPIX1  =  460.000000
CRPIX2  =  460.000000
CDELT1  =   -0.005443130
CDELT2  =    0.005443130
CROTA2  =  248.998699
EQUINOX = 2000.0
END
