SIMPLE  = T
BITPIX  = -64
NAXIS   = 2
NAXIS1  = 612
NAXIS2  = 612
CTYPE1  = 'RA---TAN'
CTYPE2  = 'DEC--TAN'
CRVAL1  =  185.660550
CRVAL2  =   11.800840
CRPIX1  =  306.500000
CRPIX2  =  306.500000
CDELT1  =   -0.008180644
CDELT2  =    0.008180644
CROTA2  =  310.703614
EQUINOX = 2000.0
END
