SIMPLE  = T
BITPIX  = -64
NAXIS   = 2
NAXIS1  = 230
NAXIS2  = 230
CTYPE1  = 'RA---TAN'
CTYPE2  = 'DEC--TAN'
CRVAL1  =  182.493750
CRVAL2  =   46.457310
CRPIX1  =  115.500000
CRPIX2  =  115.500000
CDELT1  =   -0.021821205
CDELT2  =    0.021821205
CROTA2  =  346.996377
EQUINOX = 2000.0
END
