SIMPLE  = T
BITPIX  = -64
NAXIS   = 2
NAXIS1  = 664
NAXIS2  = 664
CTYPE1  = 'RA---TAN'
CTYPE2  = 'DEC--TAN'
CRVAL1  =  190.301400
CRVAL2  =   11.886270
CRPIX1  =  332.500000
CRPIX2  =  332.500000
CDELT1  =   -0.007531454
CDELT2  =    0.007531454
CROTA2  =  269.604531
EQUINOX = 2000.0
END
