SIMPLE  = T
BITPIX  = -64
NAXIS   = 2
NAXIS1  = 1245
NAXIS2  = 1245
CTYPE1  = 'RA---TAN'
CTYPE2  = 'DEC--TAN'
CRVAL1  =  184.291200
CRVAL2  =    7.191570
CRPIX1  =  623.000000
CRPIX2  =  623.000000
CDELT1  =   -0.004016509
CDELT2  =    0.004016509
CROTA2  =  399.135589
EQUINOX = 2000.0
END
