SIMPLE  = T
BITPIX  = -64
NAXIS   = 2
NAXIS1  = 367
NAXIS2  = 367
CTYPE1  = 'RA---TAN'
CTYPE2  = 'DEC--TAN'
CRVAL1  =  190.532850
CRVAL2  =   32.542390
CRPIX1  =  184.000000
CRPIX2  =  184.000000
CDELT1  =   -0.013639159
CDELT2  =    0.013639159
CROTA2  =  366.924269
EQUINOX = 2000.0
END
