SIMPLE  = T
BITPIX  = -64
NAXIS   = 2
NAXIS1  = 423
NAXIS2  = 423
CTYPE1  = 'RA---TAN'
CTYPE2  = 'DEC--TAN'
CRVAL1  =  183.451200
CRVAL2  =   14.899960
CRPIX1  =  212.000000
CRPIX2  =  212.000000
CDELT1  =   -0.011827118
CDELT2  =    0.011827118
CROTA2  =  294.460147
EQUINOX = 2000.0
END
