SIMPLE  = T
BITPIX  = -64
NAXIS   = 2
NAXIS1  = 2251
NAXIS2  = 2250
CTYPE1  = 'RA---TAN'
CTYPE2  = 'DEC--TAN'
CRVAL1  =  185.259450
CRVAL2  =    3.722080
CRPIX1  = 1126.000000
CRPIX2  = 1125.500000
CDELT1  =   -0.002222222
CDELT2  =    0.002222222
CROTA2  =  277.182507
EQUINOX = 2000.0
END
