SIMPLE  = T
BITPIX  = -64
NAXIS   = 2
NAXIS1  = 1328
NAXIS2  = 1328
CTYPE1  = 'RA---TAN'
CTYPE2  = 'DEC--TAN'
CRVAL1  =  190.301400
CRVAL2  =   11.886270
CRPIX1  =  664.500000
CRPIX2  =  664.500000
CDELT1  =   -0.003765727
CDELT2  =    0.003765727
CROTA2  =  269.604531
EQUINOX = 2000.0
END
