SIMPLE  = T
BITPIX  = -64
NAXIS   = 2
NAXIS1  = 626
NAXIS2  = 626
CTYPE1  = 'RA---TAN'
CTYPE2  = 'DEC--TAN'
CRVAL1  =  179.630700
CRVAL2  =   43.946730
CRPIX1  =  313.500000
CRPIX2  =  313.500000
CDELT1  =   -0.007996112
CDELT2  =    0.007996112
CROTA2  =  383.872340
EQUINOX = 2000.0
END
