SIMPLE  = T
BITPIX  = -64
NAXIS   = 2
NAXIS1  = 1200
NAXIS2  = 1200
CTYPE1  = 'RA---TAN'
CTYPE2  = 'DEC--TAN'
CRVAL1  =  187.066500
CRVAL2  =    9.436290
CRPIX1  =  600.500000
CRPIX2  =  600.500000
CDELT1  =   -0.004167245
CDELT2  =    0.004167245
CROTA2  =  347.326700
EQUINOX = 2000.0
END
