SIMPLE  = T
BITPIX  = -64
NAXIS   = 2
NAXIS1  = 268
NAXIS2  = 268
CTYPE1  = 'RA---TAN'
CTYPE2  = 'DEC--TAN'
CRVAL1  =  187.714050
CRVAL2  =    8.360110
CRPIX1  =  134.500000
CRPIX2  =  134.500000
CDELT1  =   -0.018658593
CDELT2  =    0.018658593
CROTA2  =  262.896893
EQUINOX = 2000.0
END
