SIMPLE  = T
BITPIX  = -64
NAXIS   = 2
NAXIS1  = 1165
NAXIS2  = 1165
CTYPE1  = 'RA---TAN'
CTYPE2  = 'DEC--TAN'
CRVAL1  =  185.523300
CRVAL2  =    9.043610
CRPIX1  =  583.000000
CRPIX2  =  583.000000
CDELT1  =   -0.004293265
CDELT2  =    0.004293265
CROTA2  =  245.981384
EQUINOX = 2000.0
END
