SIMPLE  = T
BITPIX  = -64
NAXIS   = 2
NAXIS1  = 350
NAXIS2  = 350
CTYPE1  = 'RA---TAN'
CTYPE2  = 'DEC--TAN'
CRVAL1  =  190.989600
CRVAL2  =   32.170160
CRPIX1  =  175.500000
CRPIX2  =  175.500000
CDELT1  =   -0.014316893
CDELT2  =    0.014316893
CROTA2  =  233.432882
EQUINOX = 2000.0
END
