SIMPLE  = T
BITPIX  = -64
NAXIS   = 2
NAXIS1  = 419
NAXIS2  = 419
CTYPE1  = 'RA---TAN'
CTYPE2  = 'DEC--TAN'
CRVAL1  =  188.189550
CRVAL2  =    0.114620
CRPIX1  =  210.000000
CRPIX2  =  210.000000
CDELT1  =   -0.011934040
CDELT2  =    0.011934040
CROTA2  =  367.935366
EQUINOX = 2000.0
END
