SIMPLE  = T
BITPIX  = -64
NAXIS   = 2
NAXIS1  = 868
NAXIS2  = 868
CTYPE1  = 'RA---TAN'
CTYPE2  = 'DEC--TAN'
CRVAL1  =  186.735450
CRVAL2  =   15.047260
CRPIX1  =  434.500000
CRPIX2  =  434.500000
CDELT1  =   -0.005764843
CDELT2  =    0.005764843
CROTA2  =  314.073229
EQUINOX = 2000.0
END
