SIMPLE  = T
BITPIX  = -64
NAXIS   = 2
NAXIS1  = 408
NAXIS2  = 408
CTYPE1  = 'RA---TAN'
CTYPE2  = 'DEC--TAN'
CRVAL1  =  185.660550
CRVAL2  =   11.800840
CRPIX1  =  204.500000
CRPIX2  =  204.500000
CDELT1  =   -0.012270965
CDELT2  =    0.012270965
CROTA2  =  310.703614
EQUINOX = 2000.0
END
