SIMPLE  = T
BITPIX  = -64
NAXIS   = 2
NAXIS1  = 470
NAXIS2  = 470
CTYPE1  = 'RA---TAN'
CTYPE2  = 'DEC--TAN'
CRVAL1  =  188.533950
CRVAL2  =    2.653340
CRPIX1  =  235.500000
CRPIX2  =  235.500000
CDELT1  =   -0.010638464
CDELT2  =    0.010638464
CROTA2  =  385.386257
EQUINOX = 2000.0
END
