SIMPLE  = T
BITPIX  = -64
NAXIS   = 2
NAXIS1  = 1257
NAXIS2  = 1257
CTYPE1  = 'RA---TAN'
CTYPE2  = 'DEC--TAN'
CRVAL1  =  183.820050
CRVAL2  =   13.023860
CRPIX1  =  629.000000
CRPIX2  =  629.000000
CDELT1  =   -0.003979688
CDELT2  =    0.003979688
CROTA2  =  268.323380
EQUINOX = 2000.0
END
