SIMPLE  = T
BITPIX  = -64
NAXIS   = 2
NAXIS1  = 1115
NAXIS2  = 1115
CTYPE1  = 'RA---TAN'
CTYPE2  = 'DEC--TAN'
CRVAL1  =  187.366800
CRVAL2  =    8.749940
CRPIX1  =  558.000000
CRPIX2  =  558.000000
CDELT1  =   -0.004485894
CDELT2  =    0.004485894
CROTA2  =  361.931707
EQUINOX = 2000.0
END
