SIMPLE  = T
BITPIX  = -64
NAXIS   = 2
NAXIS1  = 620
NAXIS2  = 620
CTYPE1  = 'RA---TAN'
CTYPE2  = 'DEC--TAN'
CRVAL1  =  186.531600
CRVAL2  =   13.113120
CRPIX1  =  310.500000
CRPIX2  =  310.500000
CDELT1  =   -0.008068409
CDELT2  =    0.008068409
CROTA2  =  360.317924
EQUINOX = 2000.0
END
