SIMPLE  = T
BITPIX  = -64
NAXIS   = 2
NAXIS1  = 402
NAXIS2  = 402
CTYPE1  = 'RA---TAN'
CTYPE2  = 'DEC--TAN'
CRVAL1  =  187.714050
CRVAL2  =    8.360110
CRPIX1  =  201.500000
CRPIX2  =  201.500000
CDELT1  =   -0.012439062
CDELT2  =    0.012439062
CROTA2  =  262.896893
EQUINOX = 2000.0
END
