SIMPLE  = T
BITPIX  = -64
NAXIS   = 2
NAXIS1  = 1097
NAXIS2  = 1097
CTYPE1  = 'RA---TAN'
CTYPE2  = 'DEC--TAN'
CRVAL1  =  206.329650
CRVAL2  =   41.712420
CRPIX1  =  549.000000
CRPIX2  =  549.000000
CDELT1  =   -0.004559098
CDELT2  =    0.004559098
CROTA2  =  362.442539
EQUINOX = 2000.0
END
