SIMPLE  = T
BITPIX  = -64
NAXIS   = 2
NAXIS1  = 860
NAXIS2  = 860
CTYPE1  = 'RA---TAN'
CTYPE2  = 'DEC--TAN'
CRVAL1  =  228.973500
CRVAL2  =   56.328910
CRPIX1  =  430.500000
CRPIX2  =  430.500000
CDELT1  =   -0.005818187
CDELT2  =    0.005818187
CROTA2  =  296.122568
EQUINOX = 2000.0
END
