SIMPLE  = T
BITPIX  = -64
NAXIS   = 2
NAXIS1  = 219
NAXIS2  = 219
CTYPE1  = 'RA---TAN'
CTYPE2  = 'DEC--TAN'
CRVAL1  =  198.049050
CRVAL2  =   44.038060
CRPIX1  =  110.000000
CRPIX2  =  110.000000
CDELT1  =   -0.022849631
CDELT2  =    0.022849631
CROTA2  =  244.949119
EQUINOX = 2000.0
END
