SIMPLE  = T
BITPIX  = -64
NAXIS   = 2
NAXIS1  = 1280
NAXIS2  = 1280
CTYPE1  = 'RA---TAN'
CTYPE2  = 'DEC--TAN'
CRVAL1  =  215.304600
CRVAL2  =    3.435810
CRPIX1  =  640.500000
CRPIX2  =  640.500000
CDELT1  =   -0.003907051
CDELT2  =    0.003907051
CROTA2  =  393.352750
EQUINOX = 2000.0
END
