SIMPLE  = T
BITPIX  = -64
NAXIS   = 2
NAXIS1  = 793
NAXIS2  = 793
CTYPE1  = 'RA---TAN'
CTYPE2  = 'DEC--TAN'
CRVAL1  =  213.311850
CRVAL2  =   -3.207620
CRPIX1  =  397.000000
CRPIX2  =  397.000000
CDELT1  =   -0.006306015
CDELT2  =    0.006306015
CROTA2  =  365.141937
EQUINOX = 2000.0
END
