SIMPLE  = T
BITPIX  = -64
NAXIS   = 2
NAXIS1  = 1586
NAXIS2  = 1586
CTYPE1  = 'RA---TAN'
CTYPE2  = 'DEC--TAN'
CRVAL1  =  213.311850
CRVAL2  =   -3.207620
CRPIX1  =  793.500000
CRPIX2  =  793.500000
CDELT1  =   -0.003153007
CDELT2  =    0.003153007
CROTA2  =  365.141937
EQUINOX = 2000.0
END
