SIMPLE  = T
BITPIX  = -64
NAXIS   = 2
NAXIS1  = 438
NAXIS2  = 438
CTYPE1  = 'RA---TAN'
CTYPE2  = 'DEC--TAN'
CRVAL1  =  198.049050
CRVAL2  =   44.038060
CRPIX1  =  219.500000
CRPIX2  =  219.500000
CDELT1  =   -0.011424815
CDELT2  =    0.011424815
CROTA2  =  244.949119
EQUINOX = 2000.0
END
