SIMPLE  = T
BITPIX  = -64
NAXIS   = 2
NAXIS1  = 2852
NAXIS2  = 2852
CTYPE1  = 'RA---TAN'
CTYPE2  = 'DEC--TAN'
CRVAL1  =  222.824400
CRVAL2  =   58.978090
CRPIX1  = 1426.500000
CRPIX2  = 1426.500000
CDELT1  =   -0.001753271
CDELT2  =    0.001753271
CROTA2  =  301.448424
EQUINOX = 2000.0
END
