SIMPLE  = T
BITPIX  = -64
NAXIS   = 2
NAXIS1  = 649
NAXIS2  = 649
CTYPE1  = 'RA---TAN'
CTYPE2  = 'DEC--TAN'
CRVAL1  =  208.743450
CRVAL2  =    5.333610
CRPIX1  =  325.000000
CRPIX2  =  325.000000
CDELT1  =   -0.007706888
CDELT2  =    0.007706888
CROTA2  =  252.827543
EQUINOX = 2000.0
END
