SIMPLE  = T
BITPIX  = -64
NAXIS   = 2
NAXIS1  = 640
NAXIS2  = 640
CTYPE1  = 'RA---TAN'
CTYPE2  = 'DEC--TAN'
CRVAL1  =  215.304600
CRVAL2  =    3.435810
CRPIX1  =  320.500000
CRPIX2  =  320.500000
CDELT1  =   -0.007814103
CDELT2  =    0.007814103
CROTA2  =  393.352750
EQUINOX = 2000.0
END
