SIMPLE  = T
BITPIX  = -64
NAXIS   = 2
NAXIS1  = 1369
NAXIS2  = 1369
CTYPE1  = 'RA---TAN'
CTYPE2  = 'DEC--TAN'
CRVAL1  =  215.020500
CRVAL2  =    3.991920
CRPIX1  =  685.000000
CRPIX2  =  685.000000
CDELT1  =   -0.003652706
CDELT2  =    0.003652706
CROTA2  =  332.646670
EQUINOX = 2000.0
END
