SIMPLE  = T
BITPIX  = -64
NAXIS   = 2
NAXIS1  = 1060
NAXIS2  = 1060
CTYPE1  = 'RA---TAN'
CTYPE2  = 'DEC--TAN'
CRVAL1  =  208.546800
CRVAL2  =    5.227230
CRPIX1  =  530.500000
CRPIX2  =  530.500000
CDELT1  =   -0.004718988
CDELT2  =    0.004718988
CROTA2  =  276.081870
EQUINOX = 2000.0
END
