SIMPLE  = T
BITPIX  = -64
NAXIS   = 2
NAXIS1  = 2370
NAXIS2  = 2370
CTYPE1  = 'RA---TAN'
CTYPE2  = 'DEC--TAN'
CRVAL1  =  218.873700
CRVAL2  =   48.741470
CRPIX1  = 1185.500000
CRPIX2  = 1185.500000
CDELT1  =   -0.002110566
CDELT2  =    0.002110566
CROTA2  =  364.763671
EQUINOX = 2000.0
END
