SIMPLE  = T
BITPIX  = -64
NAXIS   = 2
NAXIS1  = 696
NAXIS2  = 696
CTYPE1  = 'RA---TAN'
CTYPE2  = 'DEC--TAN'
CRVAL1  =  206.602650
CRVAL2  =   46.107250
CRPIX1  =  348.500000
CRPIX2  =  348.500000
CDELT1  =   -0.007192483
CDELT2  =    0.007192483
CROTA2  =  303.339367
EQUINOX = 2000.0
END
