SIMPLE  = T
BITPIX  = -64
NAXIS   = 2
NAXIS1  = 900
NAXIS2  = 900
CTYPE1  = 'RA---TAN'
CTYPE2  = 'DEC--TAN'
CRVAL1  =  221.233350
CRVAL2  =    1.954720
CRPIX1  =  450.500000
CRPIX2  =  450.500000
CDELT1  =   -0.005557492
CDELT2  =    0.005557492
CROTA2  =  280.010402
EQUINOX = 2000.0
END
