SIMPLE  = T
BITPIX  = -64
NAXIS   = 2
NAXIS1  = 1805
NAXIS2  = 1805
CTYPE1  = 'RA---TAN'
CTYPE2  = 'DEC--TAN'
CRVAL1  =  212.908650
CRVAL2  =   -1.160480
CRPIX1  =  903.000000
CRPIX2  =  903.000000
CDELT1  =   -0.002771199
CDELT2  =    0.002771199
CROTA2  =  277.346896
EQUINOX = 2000.0
END
