SIMPLE  = T
BITPIX  = -64
NAXIS   = 2
NAXIS1  = 1777
NAXIS2  = 1777
CTYPE1  = 'RA---TAN'
CTYPE2  = 'DEC--TAN'
CRVAL1  =  218.873700
CRVAL2  =   48.741470
CRPIX1  =  889.000000
CRPIX2  =  889.000000
CDELT1  =   -0.002814089
CDELT2  =    0.002814089
CROTA2  =  364.763671
EQUINOX = 2000.0
END
