SIMPLE  = T
BITPIX  = -64
NAXIS   = 2
NAXIS1  = 1646
NAXIS2  = 1646
CTYPE1  = 'RA---TAN'
CTYPE2  = 'DEC--TAN'
CRVAL1  =  206.329650
CRVAL2  =   41.712420
CRPIX1  =  823.500000
CRPIX2  =  823.500000
CDELT1  =   -0.003039398
CDELT2  =    0.003039398
CROTA2  =  362.442539
EQUINOX = 2000.0
END
