SIMPLE  = T
BITPIX  = -64
NAXIS   = 2
NAXIS1  = 903
NAXIS2  = 903
CTYPE1  = 'RA---TAN'
CTYPE2  = 'DEC--TAN'
CRVAL1  =  212.908650
CRVAL2  =   -1.160480
CRPIX1  =  452.000000
CRPIX2  =  452.000000
CDELT1  =   -0.005542398
CDELT2  =    0.005542398
CROTA2  =  277.346896
EQUINOX = 2000.0
END
