SIMPLE  = T
BITPIX  = -64
NAXIS   = 2
NAXIS1  = 2194
NAXIS2  = 2194
CTYPE1  = 'RA---TAN'
CTYPE2  = 'DEC--TAN'
CRVAL1  =  206.329650
CRVAL2  =   41.712420
CRPIX1  = 1097.500000
CRPIX2  = 1097.500000
CDELT1  =   -0.002279549
CDELT2  =    0.002279549
CROTA2  =  362.442539
EQUINOX = 2000.0
END
