SIMPLE  = T
BITPIX  = -64
NAXIS   = 2
NAXIS1  = 573
NAXIS2  = 573
CTYPE1  = 'RA---TAN'
CTYPE2  = 'DEC--TAN'
CRVAL1  =  228.973500
CRVAL2  =   56.328910
CRPIX1  =  287.000000
CRPIX2  =  287.000000
CDELT1  =   -0.008727281
CDELT2  =    0.008727281
CROTA2  =  296.122568
EQUINOX = 2000.0
END
