SIMPLE  = T
BITPIX  = -64
NAXIS   = 2
NAXIS1  = 1146
NAXIS2  = 1146
CTYPE1  = 'RA---TAN'
CTYPE2  = 'DEC--TAN'
CRVAL1  =  228.973500
CRVAL2  =   56.328910
CRPIX1  =  573.500000
CRPIX2  =  573.500000
CDELT1  =   -0.004363641
CDELT2  =    0.004363641
CROTA2  =  296.122568
EQUINOX = 2000.0
END
