SIMPLE  = T
BITPIX  = -64
NAXIS   = 2
NAXIS1  = 1350
NAXIS2  = 1350
CTYPE1  = 'RA---TAN'
CTYPE2  = 'DEC--TAN'
CRVAL1  =  221.233350
CRVAL2  =    1.954720
CRPIX1  =  675.500000
CRPIX2  =  675.500000
CDELT1  =   -0.003704995
CDELT2  =    0.003704995
CROTA2  =  280.010402
EQUINOX = 2000.0
END
