SIMPLE  = T
BITPIX  = -64
NAXIS   = 2
NAXIS1  = 2139
NAXIS2  = 2139
CTYPE1  = 'RA---TAN'
CTYPE2  = 'DEC--TAN'
CRVAL1  =  222.824400
CRVAL2  =   58.978090
CRPIX1  = 1070.000000
CRPIX2  = 1070.000000
CDELT1  =   -0.002337695
CDELT2  =    0.002337695
CROTA2  =  301.448424
EQUINOX = 2000.0
END
