SIMPLE  = T
BITPIX  = -64
NAXIS   = 2
NAXIS1  = 329
NAXIS2  = 329
CTYPE1  = 'RA---TAN'
CTYPE2  = 'DEC--TAN'
CRVAL1  =  198.049050
CRVAL2  =   44.038060
CRPIX1  =  165.000000
CRPIX2  =  165.000000
CDELT1  =   -0.015233087
CDELT2  =    0.015233087
CROTA2  =  244.949119
EQUINOX = 2000.0
END
