SIMPLE  = T
BITPIX  = -64
NAXIS   = 2
NAXIS1  = 795
NAXIS2  = 795
CTYPE1  = 'RA---TAN'
CTYPE2  = 'DEC--TAN'
CRVAL1  =  208.546800
CRVAL2  =    5.227230
CRPIX1  =  398.000000
CRPIX2  =  398.000000
CDELT1  =   -0.006291984
CDELT2  =    0.006291984
CROTA2  =  276.081870
EQUINOX = 2000.0
END
