SIMPLE  = T
BITPIX  = -64
NAXIS   = 2
NAXIS1  = 2220
NAXIS2  = 2220
CTYPE1  = 'RA---TAN'
CTYPE2  = 'DEC--TAN'
CRVAL1  =  213.892050
CRVAL2  =   36.226740
CRPIX1  = 1110.500000
CRPIX2  = 1110.500000
CDELT1  =   -0.002253137
CDELT2  =    0.002253137
CROTA2  =  336.531942
EQUINOX = 2000.0
END
