SIMPLE  = T
BITPIX  = -64
NAXIS   = 2
NAXIS1  = 1298
NAXIS2  = 1298
CTYPE1  = 'RA---TAN'
CTYPE2  = 'DEC--TAN'
CRVAL1  =  208.743450
CRVAL2  =    5.333610
CRPIX1  =  649.500000
CRPIX2  =  649.500000
CDELT1  =   -0.003853444
CDELT2  =    0.003853444
CROTA2  =  252.827543
EQUINOX = 2000.0
END
