SIMPLE  = T
BITPIX  = -64
NAXIS   = 2
NAXIS1  = 1185
NAXIS2  = 1185
CTYPE1  = 'RA---TAN'
CTYPE2  = 'DEC--TAN'
CRVAL1  =  218.873700
CRVAL2  =   48.741470
CRPIX1  =  593.000000
CRPIX2  =  593.000000
CDELT1  =   -0.004221133
CDELT2  =    0.004221133
CROTA2  =  364.763671
EQUINOX = 2000.0
END
