SIMPLE  = T
BITPIX  = -64
NAXIS   = 2
NAXIS1  = 685
NAXIS2  = 685
CTYPE1  = 'RA---TAN'
CTYPE2  = 'DEC--TAN'
CRVAL1  =  215.020500
CRVAL2  =    3.991920
CRPIX1  =  343.000000
CRPIX2  =  343.000000
CDELT1  =   -0.007305412
CDELT2  =    0.007305412
CROTA2  =  332.646670
EQUINOX = 2000.0
END
