SIMPLE  = T
BITPIX  = -64
NAXIS   = 2
NAXIS1  = 960
NAXIS2  = 960
CTYPE1  = 'RA---TAN'
CTYPE2  = 'DEC--TAN'
CRVAL1  =  215.304600
CRVAL2  =    3.435810
CRPIX1  =  480.500000
CRPIX2  =  480.500000
CDELT1  =   -0.005209402
CDELT2  =    0.005209402
CROTA2  =  393.352750
EQUINOX = 2000.0
END
