SIMPLE  = T
BITPIX  = -64
NAXIS   = 2
NAXIS1  = 530
NAXIS2  = 530
CTYPE1  = 'RA---TAN'
CTYPE2  = 'DEC--TAN'
CRVAL1  =  208.546800
CRVAL2  =    5.227230
CRPIX1  =  265.500000
CRPIX2  =  265.500000
CDELT1  =   -0.009437976
CDELT2  =    0.009437976
CROTA2  =  276.081870
EQUINOX = 2000.0
END
