SIMPLE  = T
BITPIX  = -64
NAXIS   = 2
NAXIS1  = 1190
NAXIS2  = 1190
CTYPE1  = 'RA---TAN'
CTYPE2  = 'DEC--TAN'
CRVAL1  =  213.311850
CRVAL2  =   -3.207620
CRPIX1  =  595.500000
CRPIX2  =  595.500000
CDELT1  =   -0.004204010
CDELT2  =    0.004204010
CROTA2  =  365.141937
EQUINOX = 2000.0
END
