SIMPLE  = T
BITPIX  = -64
NAXIS   = 2
NAXIS1  = 1518
NAXIS2  = 1518
CTYPE1  = 'RA---TAN'
CTYPE2  = 'DEC--TAN'
CRVAL1  =  295.669200
CRVAL2  =  -10.323700
CRPIX1  =  759.500000
CRPIX2  =  759.500000
CDELT1  =   -0.003295446
CDELT2  =    0.003295446
CROTA2  =  396.631907
EQUINOX = 2000.0
END
