SIMPLE  = T
BITPIX  = -64
NAXIS   = 2
NAXIS1  = 759
NAXIS2  = 759
CTYPE1  = 'RA---TAN'
CTYPE2  = 'DEC--TAN'
CRVAL1  =  295.669200
CRVAL2  =  -10.323700
CRPIX1  =  380.000000
CRPIX2  =  380.000000
CDELT1  =   -0.006590892
CDELT2  =    0.006590892
CROTA2  =  396.631907
EQUINOX = 2000.0
END
