SIMPLE  = T
BITPIX  = -64
NAXIS   = 2
NAXIS1  = 1058
NAXIS2  = 1058
CTYPE1  = 'RA---TAN'
CTYPE2  = 'DEC--TAN'
CRVAL1  =  354.702150
CRVAL2  =   -6.517980
CRPIX1  =  529.500000
CRPIX2  =  529.500000
CDELT1  =   -0.004730196
CDELT2  =    0.004730196
CROTA2  =  252.220011
EQUINOX = 2000.0
END
