SIMPLE  = T
BITPIX  = -64
NAXIS   = 2
NAXIS1  = 633
NAXIS2  = 633
CTYPE1  = 'RA---TAN'
CTYPE2  = 'DEC--TAN'
CRVAL1  =  324.120450
CRVAL2  =  -54.557610
CRPIX1  =  317.000000
CRPIX2  =  317.000000
CDELT1  =   -0.007904044
CDELT2  =    0.007904044
CROTA2  =  322.960172
EQUINOX = 2000.0
END
