SIMPLE  = T
BITPIX  = -64
NAXIS   = 2
NAXIS1  = 2115
NAXIS2  = 2115
CTYPE1  = 'RA---TAN'
CTYPE2  = 'DEC--TAN'
CRVAL1  =  354.702150
CRVAL2  =   -6.517980
CRPIX1  = 1058.000000
CRPIX2  = 1058.000000
CDELT1  =   -0.002365098
CDELT2  =    0.002365098
CROTA2  =  252.220011
EQUINOX = 2000.0
END
