SIMPLE  = T
BITPIX  = -64
NAXIS   = 2
NAXIS1  = 475
NAXIS2  = 475
CTYPE1  = 'RA---TAN'
CTYPE2  = 'DEC--TAN'
CRVAL1  =  324.120450
CRVAL2  =  -54.557610
CRPIX1  =  238.000000
CRPIX2  =  238.000000
CDELT1  =   -0.010538725
CDELT2  =    0.010538725
CROTA2  =  322.960172
EQUINOX = 2000.0
END
