SIMPLE  = T
BITPIX  = -64
NAXIS   = 2
NAXIS1  = 317
NAXIS2  = 317
CTYPE1  = 'RA---TAN'
CTYPE2  = 'DEC--TAN'
CRVAL1  =  324.120450
CRVAL2  =  -54.557610
CRPIX1  =  159.000000
CRPIX2  =  159.000000
CDELT1  =   -0.015808088
CDELT2  =    0.015808088
CROTA2  =  322.960172
EQUINOX = 2000.0
END
