SIMPLE  = T
BITPIX  = -64
NAXIS   = 2
NAXIS1  = 663
NAXIS2  = 663
CTYPE1  = 'RA---TAN'
CTYPE2  = 'DEC--TAN'
CRVAL1  =  194.757600
CRVAL2  =   34.860820
CRPIX1  =  332.000000
CRPIX2  =  332.000000
CDELT1  =   -0.007548295
CDELT2  =    0.007548295
CROTA2  =  248.662532
EQUINOX = 2000.0
END
