SIMPLE  = T
BITPIX  = -64
NAXIS   = 2
NAXIS1  = 332
NAXIS2  = 332
CTYPE1  = 'RA---TAN'
CTYPE2  = 'DEC--TAN'
CRVAL1  =  194.757600
CRVAL2  =   34.860820
CRPIX1  =  166.500000
CRPIX2  =  166.500000
CDELT1  =   -0.015096591
CDELT2  =    0.015096591
CROTA2  =  248.662532
EQUINOX = 2000.0
END
