SIMPLE  = T
BITPIX  = -64
NAXIS   = 2
NAXIS1  = 497
NAXIS2  = 497
CTYPE1  = 'RA---TAN'
CTYPE2  = 'DEC--TAN'
CRVAL1  =  194.757600
CRVAL2  =   34.860820
CRPIX1  =  249.000000
CRPIX2  =  249.000000
CDELT1  =   -0.010064394
CDELT2  =    0.010064394
CROTA2  =  248.662532
EQUINOX = 2000.0
END
