SIMPLE  = T
BITPIX  = -64
NAXIS   = 2
NAXIS1  = 924
NAXIS2  = 924
CTYPE1  = 'RA---TAN'
CTYPE2  = 'DEC--TAN'
CRVAL1  =  193.684050
CRVAL2  =   13.237100
CRPIX1  =  462.500000
CRPIX2  =  462.500000
CDELT1  =   -0.005416312
CDELT2  =    0.005416312
CROTA2  =  282.306649
EQUINOX = 2000.0
END
