SIMPLE  = T
BITPIX  = -64
NAXIS   = 2
NAXIS1  = 462
NAXIS2  = 462
CTYPE1  = 'RA---TAN'
CTYPE2  = 'DEC--TAN'
CRVAL1  =  193.684050
CRVAL2  =   13.237100
CRPIX1  =  231.500000
CRPIX2  =  231.500000
CDELT1  =   -0.010832624
CDELT2  =    0.010832624
CROTA2  =  282.306649
EQUINOX = 2000.0
END
