SIMPLE  = T
BITPIX  = -64
NAXIS   = 2
NAXIS1  = 693
NAXIS2  = 693
CTYPE1  = 'RA---TAN'
CTYPE2  = 'DEC--TAN'
CRVAL1  =  193.684050
CRVAL2  =   13.237100
CRPIX1  =  347.000000
CRPIX2  =  347.000000
CDELT1  =   -0.007221749
CDELT2  =    0.007221749
CROTA2  =  282.306649
EQUINOX = 2000.0
END
