SIMPLE  = T
BITPIX  = -64
NAXIS   = 2
NAXIS1  = 390
NAXIS2  = 390
CTYPE1  = 'RA---TAN'
CTYPE2  = 'DEC--TAN'
CRVAL1  =  181.491150
CRVAL2  =   43.144020
CRPIX1  =  195.500000
CRPIX2  =  195.500000
CDELT1  =   -0.012849292
CDELT2  =    0.012849292
CROTA2  =  234.607818
EQUINOX = 2000.0
END
