SIMPLE  = T
BITPIX  = -64
NAXIS   = 2
NAXIS1  = 779
NAXIS2  = 779
CTYPE1  = 'RA---TAN'
CTYPE2  = 'DEC--TAN'
CRVAL1  =  181.491150
CRVAL2  =   43.144020
CRPIX1  =  390.000000
CRPIX2  =  390.000000
CDELT1  =   -0.006424646
CDELT2  =    0.006424646
CROTA2  =  234.607818
EQUINOX = 2000.0
END
