SIMPLE  = T
BITPIX  = -64
NAXIS   = 2
NAXIS1  = 777
NAXIS2  = 777
CTYPE1  = 'RA---TAN'
CTYPE2  = 'DEC--TAN'
CRVAL1  =  184.391400
CRVAL2  =   22.540260
CRPIX1  =  389.000000
CRPIX2  =  389.000000
CDELT1  =   -0.006439898
CDELT2  =    0.006439898
CROTA2  =  364.287114
EQUINOX = 2000.0
END
