SIMPLE  = T
BITPIX  = -64
NAXIS   = 2
NAXIS1  = 640
NAXIS2  = 640
CTYPE1  = 'RA---TAN'
CTYPE2  = 'DEC--TAN'
CRVAL1  =  192.459300
CRVAL2  =    2.852090
CRPIX1  =  320.500000
CRPIX2  =  320.500000
CDELT1  =   -0.007814103
CDELT2  =    0.007814103
CROTA2  =  269.784333
EQUINOX = 2000.0
END
