SIMPLE  = T
BITPIX  = -64
NAXIS   = 2
NAXIS1  = 1280
NAXIS2  = 1280
CTYPE1  = 'RA---TAN'
CTYPE2  = 'DEC--TAN'
CRVAL1  =  192.459300
CRVAL2  =    2.852090
CRPIX1  =  640.500000
CRPIX2  =  640.500000
CDELT1  =   -0.003907051
CDELT2  =    0.003907051
CROTA2  =  269.784333
EQUINOX = 2000.0
END
