SIMPLE  = T
BITPIX  = -64
NAXIS   = 2
NAXIS1  = 584
NAXIS2  = 584
CTYPE1  = 'RA---TAN'
CTYPE2  = 'DEC--TAN'
CRVAL1  =  181.491150
CRVAL2  =   43.144020
CRPIX1  =  292.500000
CRPIX2  =  292.500000
CDELT1  =   -0.008566194
CDELT2  =    0.008566194
CROTA2  =  234.607818
EQUINOX = 2000.0
END
