SIMPLE  = T
BITPIX  = -64
NAXIS   = 2
NAXIS1  = 1619
NAXIS2  = 1619
CTYPE1  = 'RA---TAN'
CTYPE2  = 'DEC--TAN'
CRVAL1  =  216.337800
CRVAL2  =   39.539410
CRPIX1  =  810.000000
CRPIX2  =  810.000000
CDELT1  =   -0.003089220
CDELT2  =    0.003089220
CROTA2  =  379.410325
EQUINOX = 2000.0
END
