SIMPLE  = T
BITPIX  = -64
NAXIS   = 2
NAXIS1  = 1181
NAXIS2  = 1181
CTYPE1  = 'RA---TAN'
CTYPE2  = 'DEC--TAN'
CRVAL1  =  186.493950
CRVAL2  =    3.429370
CRPIX1  =  591.000000
CRPIX2  =  591.000000
CDELT1  =   -0.004235248
CDELT2  =    0.004235248
CROTA2  =  323.645575
EQUINOX = 2000.0
END
