SIMPLE  = T
BITPIX  = -64
NAXIS   = 2
NAXIS1  = 1902
NAXIS2  = 1902
CTYPE1  = 'RA---TAN'
CTYPE2  = 'DEC--TAN'
CRVAL1  =  356.952900
CRVAL2  =  -57.072610
CRPIX1  =  951.500000
CRPIX2  =  951.500000
CDELT1  =   -0.002629352
CDELT2  =    0.002629352
CROTA2  =  242.588256
EQUINOX = 2000.0
END
