SIMPLE  = T
BITPIX  = -64
NAXIS   = 2
NAXIS1  = 1427
NAXIS2  = 1427
CTYPE1  = 'RA---TAN'
CTYPE2  = 'DEC--TAN'
CRVAL1  =  356.952900
CRVAL2  =  -57.072610
CRPIX1  =  714.000000
CRPIX2  =  714.000000
CDELT1  =   -0.003505802
CDELT2  =    0.003505802
CROTA2  =  242.588256
EQUINOX = 2000.0
END
