SIMPLE  = T
BITPIX  = -64
NAXIS   = 2
NAXIS1  = 951
NAXIS2  = 951
CTYPE1  = 'RA---TAN'
CTYPE2  = 'DEC--TAN'
CRVAL1  =  356.952900
CRVAL2  =  -57.072610
CRPIX1  =  476.000000
CRPIX2  =  476.000000
CDELT1  =   -0.005258704
CDELT2  =    0.005258704
CROTA2  =  242.588256
EQUINOX = 2000.0
END
