SIMPLE  = T
BITPIX  = -64
NAXIS   = 2
NAXIS1  = 398
NAXIS2  = 398
CTYPE1  = 'RA---TAN'
CTYPE2  = 'DEC--TAN'
CRVAL1  =  355.943100
CRVAL2  =  -31.956950
CRPIX1  =  199.500000
CRPIX2  =  199.500000
CDELT1  =   -0.012584864
CDELT2  =    0.012584864
CROTA2  =  226.890739
EQUINOX = 2000.0
END
