SIMPLE  = T
BITPIX  = -64
NAXIS   = 2
NAXIS1  = 199
NAXIS2  = 199
CTYPE1  = 'RA---TAN'
CTYPE2  = 'DEC--TAN'
CRVAL1  =  355.943100
CRVAL2  =  -31.956950
CRPIX1  =  100.000000
CRPIX2  =  100.000000
CDELT1  =   -0.025169728
CDELT2  =    0.025169728
CROTA2  =  226.890739
EQUINOX = 2000.0
END
