SIMPLE  = T
BITPIX  = -64
NAXIS   = 2
NAXIS1  = 956
NAXIS2  = 956
CTYPE1  = 'RA---TAN'
CTYPE2  = 'DEC--TAN'
CRVAL1  =  123.495300
CRVAL2  =   45.742510
CRPIX1  =  478.500000
CRPIX2  =  478.500000
CDELT1  =   -0.005233445
CDELT2  =    0.005233445
CROTA2  =  276.336894
EQUINOX = 2000.0
END
