SIMPLE  = T
BITPIX  = -64
NAXIS   = 2
NAXIS1  = 274
NAXIS2  = 274
CTYPE1  = 'RA---TAN'
CTYPE2  = 'DEC--TAN'
CRVAL1  =  157.102350
CRVAL2  =   68.413190
CRPIX1  =  137.500000
CRPIX2  =  137.500000
CDELT1  =   -0.018314176
CDELT2  =    0.018314176
CROTA2  =  392.915118
EQUINOX = 2000.0
END
