SIMPLE  = T
BITPIX  = -64
NAXIS   = 2
NAXIS1  = 1780
NAXIS2  = 1780
CTYPE1  = 'RA---TAN'
CTYPE2  = 'DEC--TAN'
CRVAL1  =  149.981250
CRVAL2  =  -29.617550
CRPIX1  =  890.500000
CRPIX2  =  890.500000
CDELT1  =   -0.002810530
CDELT2  =    0.002810530
CROTA2  =  379.029546
EQUINOX = 2000.0
END
