SIMPLE  = T
BITPIX  = -64
NAXIS   = 2
NAXIS1  = 365
NAXIS2  = 365
CTYPE1  = 'RA---TAN'
CTYPE2  = 'DEC--TAN'
CRVAL1  =  157.102350
CRVAL2  =   68.413190
CRPIX1  =  183.000000
CRPIX2  =  183.000000
CDELT1  =   -0.013735632
CDELT2  =    0.013735632
CROTA2  =  392.915118
EQUINOX = 2000.0
END
