SIMPLE  = T
BITPIX  = -64
NAXIS   = 2
NAXIS1  = 917
NAXIS2  = 917
CTYPE1  = 'RA---TAN'
CTYPE2  = 'DEC--TAN'
CRVAL1  =  198.046500
CRVAL2  =   35.670150
CRPIX1  =  459.000000
CRPIX2  =  459.000000
CDELT1  =   -0.005456058
CDELT2  =    0.005456058
CROTA2  =  270.133839
EQUINOX = 2000.0
END
