SIMPLE  = T
BITPIX  = -64
NAXIS   = 2
NAXIS1  = 1375
NAXIS2  = 1375
CTYPE1  = 'RA---TAN'
CTYPE2  = 'DEC--TAN'
CRVAL1  =  198.046500
CRVAL2  =   35.670150
CRPIX1  =  688.000000
CRPIX2  =  688.000000
CDELT1  =   -0.003637372
CDELT2  =    0.003637372
CROTA2  =  270.133839
EQUINOX = 2000.0
END
