SIMPLE  = T
BITPIX  = -64
NAXIS   = 2
NAXIS1  = 1833
NAXIS2  = 1833
CTYPE1  = 'RA---TAN'
CTYPE2  = 'DEC--TAN'
CRVAL1  =  198.046500
CRVAL2  =   35.670150
CRPIX1  =  917.000000
CRPIX2  =  917.000000
CDELT1  =   -0.002728029
CDELT2  =    0.002728029
CROTA2  =  270.133839
EQUINOX = 2000.0
END
