SIMPLE  = T
BITPIX  = -64
NAXIS   = 2
NAXIS1  = 674
NAXIS2  = 674
CTYPE1  = 'RA---TAN'
CTYPE2  = 'DEC--TAN'
CRVAL1  =   35.639700
CRVAL2  =   42.347120
CRPIX1  =  337.500000
CRPIX2  =  337.500000
CDELT1  =   -0.007426559
CDELT2  =    0.007426559
CROTA2  =  246.225841
EQUINOX = 2000.0
END
