SIMPLE  = T
BITPIX  = -64
NAXIS   = 2
NAXIS1  = 253
NAXIS2  = 253
CTYPE1  = 'RA---TAN'
CTYPE2  = 'DEC--TAN'
CRVAL1  =   11.887950
CRVAL2  =  -25.288440
CRPIX1  =  127.000000
CRPIX2  =  127.000000
CDELT1  =   -0.019805589
CDELT2  =    0.019805589
CROTA2  =  399.618455
EQUINOX = 2000.0
END
