SIMPLE  = T
BITPIX  = -64
NAXIS   = 2
NAXIS1  = 274
NAXIS2  = 274
CTYPE1  = 'RA---TAN'
CTYPE2  = 'DEC--TAN'
CRVAL1  =   23.771250
CRVAL2  =  -41.436760
CRPIX1  =  137.500000
CRPIX2  =  137.500000
CDELT1  =   -0.018314176
CDELT2  =    0.018314176
CROTA2  =  354.349246
EQUINOX = 2000.0
END
