SIMPLE  = T
BITPIX  = -64
NAXIS   = 2
NAXIS1  = 1269
NAXIS2  = 1269
CTYPE1  = 'RA---TAN'
CTYPE2  = 'DEC--TAN'
CRVAL1  =   27.353550
CRVAL2  =   21.997280
CRPIX1  =  635.000000
CRPIX2  =  635.000000
CDELT1  =   -0.003942229
CDELT2  =    0.003942229
CROTA2  =  372.666303
EQUINOX = 2000.0
END
