SIMPLE  = T
BITPIX  = -64
NAXIS   = 2
NAXIS1  = 337
NAXIS2  = 337
CTYPE1  = 'RA---TAN'
CTYPE2  = 'DEC--TAN'
CRVAL1  =   11.887950
CRVAL2  =  -25.288440
CRPIX1  =  169.000000
CRPIX2  =  169.000000
CDELT1  =   -0.014854192
CDELT2  =    0.014854192
CROTA2  =  399.618455
EQUINOX = 2000.0
END
