SIMPLE  = T
BITPIX  = -64
NAXIS   = 2
NAXIS1  = 169
NAXIS2  = 169
CTYPE1  = 'RA---TAN'
CTYPE2  = 'DEC--TAN'
CRVAL1  =   11.887950
CRVAL2  =  -25.288440
CRPIX1  =   85.000000
CRPIX2  =   85.000000
CDELT1  =   -0.029708384
CDELT2  =    0.029708384
CROTA2  =  399.618455
EQUINOX = 2000.0
END
