SIMPLE  = T
BITPIX  = -64
NAXIS   = 2
NAXIS1  = 449
NAXIS2  = 449
CTYPE1  = 'RA---TAN'
CTYPE2  = 'DEC--TAN'
CRVAL1  =   35.639700
CRVAL2  =   42.347120
CRPIX1  =  225.000000
CRPIX2  =  225.000000
CDELT1  =   -0.011139839
CDELT2  =    0.011139839
CROTA2  =  246.225841
EQUINOX = 2000.0
END
