SIMPLE  = T
BITPIX  = -64
NAXIS   = 2
NAXIS1  = 2537
NAXIS2  = 2537
CTYPE1  = 'RA---TAN'
CTYPE2  = 'DEC--TAN'
CRVAL1  =   27.353550
CRVAL2  =   21.997280
CRPIX1  = 1269.000000
CRPIX2  = 1269.000000
CDELT1  =   -0.001971115
CDELT2  =    0.001971115
CROTA2  =  372.666303
EQUINOX = 2000.0
END
