SIMPLE  = T
BITPIX  = -64
NAXIS   = 2
NAXIS1  = 1903
NAXIS2  = 1903
CTYPE1  = 'RA---TAN'
CTYPE2  = 'DEC--TAN'
CRVAL1  =   27.353550
CRVAL2  =   21.997280
CRPIX1  =  952.000000
CRPIX2  =  952.000000
CDELT1  =   -0.002628153
CDELT2  =    0.002628153
CROTA2  =  372.666303
EQUINOX = 2000.0
END
