SIMPLE  = T
BITPIX  = -64
NAXIS   = 2
NAXIS1  = 183
NAXIS2  = 183
CTYPE1  = 'RA---TAN'
CTYPE2  = 'DEC--TAN'
CRVAL1  =   23.771250
CRVAL2  =  -41.436760
CRPIX1  =   92.000000
CRPIX2  =   92.000000
CDELT1  =   -0.027471263
CDELT2  =    0.027471263
CROTA2  =  354.349246
EQUINOX = 2000.0
END
