SIMPLE  = T
BITPIX  = -64
NAXIS   = 2
NAXIS1  = 468
NAXIS2  = 468
CTYPE1  = 'RA---TAN'
CTYPE2  = 'DEC--TAN'
CRVAL1  =   56.478750
CRVAL2  =  -36.356950
CRPIX1  =  234.500000
CRPIX2  =  234.500000
CDELT1  =   -0.010687565
CDELT2  =    0.010687565
CROTA2  =  270.445658
EQUINOX = 2000.0
END
