SIMPLE  = T
BITPIX  = -64
NAXIS   = 2
NAXIS1  = 560
NAXIS2  = 560
CTYPE1  = 'RA---TAN'
CTYPE2  = 'DEC--TAN'
CRVAL1  =   76.926300
CRVAL2  =  -37.512960
CRPIX1  =  280.500000
CRPIX2  =  280.500000
CDELT1  =   -0.008930561
CDELT2  =    0.008930561
CROTA2  =  325.574554
EQUINOX = 2000.0
END
