SIMPLE  = T
BITPIX  = -64
NAXIS   = 2
NAXIS1  = 840
NAXIS2  = 840
CTYPE1  = 'RA---TAN'
CTYPE2  = 'DEC--TAN'
CRVAL1  =   76.926300
CRVAL2  =  -37.512960
CRPIX1  =  420.500000
CRPIX2  =  420.500000
CDELT1  =   -0.005953707
CDELT2  =    0.005953707
CROTA2  =  325.574554
EQUINOX = 2000.0
END
