SIMPLE  = T
BITPIX  = -64
NAXIS   = 2
NAXIS1  = 884
NAXIS2  = 884
CTYPE1  = 'RA---TAN'
CTYPE2  = 'DEC--TAN'
CRVAL1  =   52.203150
CRVAL2  =  -35.178250
CRPIX1  =  442.500000
CRPIX2  =  442.500000
CDELT1  =   -0.005660812
CDELT2  =    0.005660812
CROTA2  =  316.889785
EQUINOX = 2000.0
END
