SIMPLE  = T
BITPIX  = -64
NAXIS   = 2
NAXIS1  = 1325
NAXIS2  = 1325
CTYPE1  = 'RA---TAN'
CTYPE2  = 'DEC--TAN'
CRVAL1  =   52.203150
CRVAL2  =  -35.178250
CRPIX1  =  663.000000
CRPIX2  =  663.000000
CDELT1  =   -0.003773875
CDELT2  =    0.003773875
CROTA2  =  316.889785
EQUINOX = 2000.0
END
