SIMPLE  = T
BITPIX  = -64
NAXIS   = 2
NAXIS1  = 702
NAXIS2  = 702
CTYPE1  = 'RA---TAN'
CTYPE2  = 'DEC--TAN'
CRVAL1  =   56.478750
CRVAL2  =  -36.356950
CRPIX1  =  351.500000
CRPIX2  =  351.500000
CDELT1  =   -0.007125044
CDELT2  =    0.007125044
CROTA2  =  270.445658
EQUINOX = 2000.0
END
