SIMPLE  = T
BITPIX  = -64
NAXIS   = 2
NAXIS1  = 1120
NAXIS2  = 1120
CTYPE1  = 'RA---TAN'
CTYPE2  = 'DEC--TAN'
CRVAL1  =   76.926300
CRVAL2  =  -37.512960
CRPIX1  =  560.500000
CRPIX2  =  560.500000
CDELT1  =   -0.004465280
CDELT2  =    0.004465280
CROTA2  =  325.574554
EQUINOX = 2000.0
END
