SIMPLE  = T
BITPIX  = -64
NAXIS   = 2
NAXIS1  = 1767
NAXIS2  = 1767
CTYPE1  = 'RA---TAN'
CTYPE2  = 'DEC--TAN'
CRVAL1  =   52.203150
CRVAL2  =  -35.178250
CRPIX1  =  884.000000
CRPIX2  =  884.000000
CDELT1  =   -0.002830406
CDELT2  =    0.002830406
CROTA2  =  316.889785
EQUINOX = 2000.0
END
