SIMPLE  = T
BITPIX  = -64
NAXIS   = 2
NAXIS1  = 1439
NAXIS2  = 1439
CTYPE1  = 'RA---TAN'
CTYPE2  = 'DEC--TAN'
CRVAL1  =  146.425200
CRVAL2  =  -14.326380
CRPIX1  =  720.000000
CRPIX2  =  720.000000
CDELT1  =   -0.003476897
CDELT2  =    0.003476897
CROTA2  =  259.353578
EQUINOX = 2000.0
END
