SIMPLE  = T
BITPIX  = -64
NAXIS   = 2
NAXIS1  = 2158
NAXIS2  = 2158
CTYPE1  = 'RA---TAN'
CTYPE2  = 'DEC--TAN'
CRVAL1  =  146.425200
CRVAL2  =  -14.326380
CRPIX1  = 1079.500000
CRPIX2  = 1079.500000
CDELT1  =   -0.002317931
CDELT2  =    0.002317931
CROTA2  =  259.353578
EQUINOX = 2000.0
END
