SIMPLE  = T
BITPIX  = -64
NAXIS   = 2
NAXIS1  = 2267
NAXIS2  = 2267
CTYPE1  = 'RA---TAN'
CTYPE2  = 'DEC--TAN'
CRVAL1  =  162.480600
CRVAL2  =   32.990780
CRPIX1  = 1134.000000
CRPIX2  = 1134.000000
CDELT1  =   -0.002206224
CDELT2  =    0.002206224
CROTA2  =  380.850917
EQUINOX = 2000.0
END
