SIMPLE  = T
BITPIX  = -64
NAXIS   = 2
NAXIS1  = 2230
NAXIS2  = 2230
CTYPE1  = 'RA---TAN'
CTYPE2  = 'DEC--TAN'
CRVAL1  =  163.664250
CRVAL2  =   54.305150
CRPIX1  = 1115.500000
CRPIX2  = 1115.500000
CDELT1  =   -0.002242244
CDELT2  =    0.002242244
CROTA2  =  386.877363
EQUINOX = 2000.0
END
