SIMPLE  = T
BITPIX  = -64
NAXIS   = 2
NAXIS1  = 752
NAXIS2  = 752
CTYPE1  = 'RA---TAN'
CTYPE2  = 'DEC--TAN'
CRVAL1  =  150.490950
CRVAL2  =   55.679820
CRPIX1  =  376.500000
CRPIX2  =  376.500000
CDELT1  =   -0.006650877
CDELT2  =    0.006650877
CROTA2  =  286.222715
EQUINOX = 2000.0
END
