SIMPLE  = T
BITPIX  = -64
NAXIS   = 2
NAXIS1  = 1543
NAXIS2  = 1543
CTYPE1  = 'RA---TAN'
CTYPE2  = 'DEC--TAN'
CRVAL1  =  165.697050
CRVAL2  =   17.989490
CRPIX1  =  772.000000
CRPIX2  =  772.000000
CDELT1  =   -0.003241810
CDELT2  =    0.003241810
CROTA2  =  241.547674
EQUINOX = 2000.0
END
