SIMPLE  = T
BITPIX  = -64
NAXIS   = 2
NAXIS1  = 1504
NAXIS2  = 1504
CTYPE1  = 'RA---TAN'
CTYPE2  = 'DEC--TAN'
CRVAL1  =  150.490950
CRVAL2  =   55.679820
CRPIX1  =  752.500000
CRPIX2  =  752.500000
CDELT1  =   -0.003325439
CDELT2  =    0.003325439
CROTA2  =  286.222715
EQUINOX = 2000.0
END
