SIMPLE  = T
BITPIX  = -64
NAXIS   = 2
NAXIS1  = 1134
NAXIS2  = 1134
CTYPE1  = 'RA---TAN'
CTYPE2  = 'DEC--TAN'
CRVAL1  =  162.480600
CRVAL2  =   32.990780
CRPIX1  =  567.500000
CRPIX2  =  567.500000
CDELT1  =   -0.004412447
CDELT2  =    0.004412447
CROTA2  =  380.850917
EQUINOX = 2000.0
END
