SIMPLE  = T
BITPIX  = -64
NAXIS   = 2
NAXIS1  = 1107
NAXIS2  = 1107
CTYPE1  = 'RA---TAN'
CTYPE2  = 'DEC--TAN'
CRVAL1  =  154.526250
CRVAL2  =   21.832720
CRPIX1  =  554.000000
CRPIX2  =  554.000000
CDELT1  =   -0.004517298
CDELT2  =    0.004517298
CROTA2  =  331.895964
EQUINOX = 2000.0
END
