SIMPLE  = T
BITPIX  = -64
NAXIS   = 2
NAXIS1  = 1344
NAXIS2  = 1344
CTYPE1  = 'RA---TAN'
CTYPE2  = 'DEC--TAN'
CRVAL1  =  172.101150
CRVAL2  =    9.407540
CRPIX1  =  672.500000
CRPIX2  =  672.500000
CDELT1  =   -0.003722880
CDELT2  =    0.003722880
CROTA2  =  357.087351
EQUINOX = 2000.0
END
