SIMPLE  = T
BITPIX  = -64
NAXIS   = 2
NAXIS1  = 2015
NAXIS2  = 2015
CTYPE1  = 'RA---TAN'
CTYPE2  = 'DEC--TAN'
CRVAL1  =  172.101150
CRVAL2  =    9.407540
CRPIX1  = 1008.000000
CRPIX2  = 1008.000000
CDELT1  =   -0.002481920
CDELT2  =    0.002481920
CROTA2  =  357.087351
EQUINOX = 2000.0
END
