SIMPLE  = T
BITPIX  = -64
NAXIS   = 2
NAXIS1  = 2057
NAXIS2  = 2057
CTYPE1  = 'RA---TAN'
CTYPE2  = 'DEC--TAN'
CRVAL1  =  165.697050
CRVAL2  =   17.989490
CRPIX1  = 1029.000000
CRPIX2  = 1029.000000
CDELT1  =   -0.002431357
CDELT2  =    0.002431357
CROTA2  =  241.547674
EQUINOX = 2000.0
END
