SIMPLE  = T
BITPIX  = -64
NAXIS   = 2
NAXIS1  = 1700
NAXIS2  = 1700
CTYPE1  = 'RA---TAN'
CTYPE2  = 'DEC--TAN'
CRVAL1  =  162.480600
CRVAL2  =   32.990780
CRPIX1  =  850.500000
CRPIX2  =  850.500000
CDELT1  =   -0.002941631
CDELT2  =    0.002941631
CROTA2  =  380.850917
EQUINOX = 2000.0
END
