SIMPLE  = T
BITPIX  = -64
NAXIS   = 2
NAXIS1  = 1115
NAXIS2  = 1115
CTYPE1  = 'RA---TAN'
CTYPE2  = 'DEC--TAN'
CRVAL1  =  163.664250
CRVAL2  =   54.305150
CRPIX1  =  558.000000
CRPIX2  =  558.000000
CDELT1  =   -0.004484487
CDELT2  =    0.004484487
CROTA2  =  386.877363
EQUINOX = 2000.0
END
