SIMPLE  = T
BITPIX  = -64
NAXIS   = 2
NAXIS1  = 1128
NAXIS2  = 1128
CTYPE1  = 'RA---TAN'
CTYPE2  = 'DEC--TAN'
CRVAL1  =  150.490950
CRVAL2  =   55.679820
CRPIX1  =  564.500000
CRPIX2  =  564.500000
CDELT1  =   -0.004433918
CDELT2  =    0.004433918
CROTA2  =  286.222715
EQUINOX = 2000.0
END
