SIMPLE  = T
BITPIX  = -64
NAXIS   = 2
NAXIS1  = 1661
NAXIS2  = 1661
CTYPE1  = 'RA---TAN'
CTYPE2  = 'DEC--TAN'
CRVAL1  =  154.526250
CRVAL2  =   21.832720
CRPIX1  =  831.000000
CRPIX2  =  831.000000
CDELT1  =   -0.003011532
CDELT2  =    0.003011532
CROTA2  =  331.895964
EQUINOX = 2000.0
END
