SIMPLE  = T
BITPIX  = -64
NAXIS   = 2
NAXIS1  = 1029
NAXIS2  = 1029
CTYPE1  = 'RA---TAN'
CTYPE2  = 'DEC--TAN'
CRVAL1  =  165.697050
CRVAL2  =   17.989490
CRPIX1  =  515.000000
CRPIX2  =  515.000000
CDELT1  =   -0.004862715
CDELT2  =    0.004862715
CROTA2  =  241.547674
EQUINOX = 2000.0
END
