SIMPLE  = T
BITPIX  = -64
NAXIS   = 2
NAXIS1  = 1673
NAXIS2  = 1673
CTYPE1  = 'RA---TAN'
CTYPE2  = 'DEC--TAN'
CRVAL1  =  163.664250
CRVAL2  =   54.305150
CRPIX1  =  837.000000
CRPIX2  =  837.000000
CDELT1  =   -0.002989658
CDELT2  =    0.002989658
CROTA2  =  386.877363
EQUINOX = 2000.0
END
