SIMPLE  = T
BITPIX  = -64
NAXIS   = 2
NAXIS1  = 1642
NAXIS2  = 1642
CTYPE1  = 'RA---TAN'
CTYPE2  = 'DEC--TAN'
CRVAL1  =  187.066500
CRVAL2  =    9.436290
CRPIX1  =  821.500000
CRPIX2  =  821.500000
CDELT1  =   -0.003046834
CDELT2  =    0.003046834
CROTA2  =  347.326700
EQUINOX = 2000.0
END
