SIMPLE  = T
BITPIX  = -64
NAXIS   = 2
NAXIS1  = 1231
NAXIS2  = 1231
CTYPE1  = 'RA---TAN'
CTYPE2  = 'DEC--TAN'
CRVAL1  =  187.066500
CRVAL2  =    9.436290
CRPIX1  =  616.000000
CRPIX2  =  616.000000
CDELT1  =   -0.004062446
CDELT2  =    0.004062446
CROTA2  =  347.326700
EQUINOX = 2000.0
END
