SIMPLE  = T
BITPIX  = -64
NAXIS   = 2
NAXIS1  = 652
NAXIS2  = 652
CTYPE1  = 'RA---TAN'
CTYPE2  = 'DEC--TAN'
CRVAL1  =  185.426400
CRVAL2  =   14.598140
CRPIX1  =  326.500000
CRPIX2  =  326.500000
CDELT1  =   -0.007671473
CDELT2  =    0.007671473
CROTA2  =  271.854812
EQUINOX = 2000.0
END
