SIMPLE  = T
BITPIX  = -64
NAXIS   = 2
NAXIS1  = 471
NAXIS2  = 471
CTYPE1  = 'RA---TAN'
CTYPE2  = 'DEC--TAN'
CRVAL1  =  182.493750
CRVAL2  =   46.457310
CRPIX1  =  236.000000
CRPIX2  =  236.000000
CDELT1  =   -0.010636220
CDELT2  =    0.010636220
CROTA2  =  346.996377
EQUINOX = 2000.0
END
