SIMPLE  = T
BITPIX  = -64
NAXIS   = 2
NAXIS1  = 795
NAXIS2  = 795
CTYPE1  = 'RA---TAN'
CTYPE2  = 'DEC--TAN'
CRVAL1  =  189.828150
CRVAL2  =   -0.531960
CRPIX1  =  398.000000
CRPIX2  =  398.000000
CDELT1  =   -0.006291984
CDELT2  =    0.006291984
CROTA2  =  356.624259
EQUINOX = 2000.0
END
