SIMPLE  = T
BITPIX  = -64
NAXIS   = 2
NAXIS1  = 627
NAXIS2  = 627
CTYPE1  = 'RA---TAN'
CTYPE2  = 'DEC--TAN'
CRVAL1  =  182.493750
CRVAL2  =   46.457310
CRPIX1  =  314.000000
CRPIX2  =  314.000000
CDELT1  =   -0.007977165
CDELT2  =    0.007977165
CROTA2  =  346.996377
EQUINOX = 2000.0
END
