SIMPLE  = T
BITPIX  = -64
NAXIS   = 2
NAXIS1  = 1707
NAXIS2  = 1707
CTYPE1  = 'RA---TAN'
CTYPE2  = 'DEC--TAN'
CRVAL1  =  183.193200
CRVAL2  =   10.865850
CRPIX1  =  854.000000
CRPIX2  =  854.000000
CDELT1  =   -0.002929462
CDELT2  =    0.002929462
CROTA2  =  238.046605
EQUINOX = 2000.0
END
