SIMPLE  = T
BITPIX  = -64
NAXIS   = 2
NAXIS1  = 763
NAXIS2  = 763
CTYPE1  = 'RA---TAN'
CTYPE2  = 'DEC--TAN'
CRVAL1  =  187.366800
CRVAL2  =    8.749940
CRPIX1  =  382.000000
CRPIX2  =  382.000000
CDELT1  =   -0.006559623
CDELT2  =    0.006559623
CROTA2  =  361.931707
EQUINOX = 2000.0
END
