SIMPLE  = T
BITPIX  = -64
NAXIS   = 2
NAXIS1  = 734
NAXIS2  = 734
CTYPE1  = 'RA---TAN'
CTYPE2  = 'DEC--TAN'
CRVAL1  =  187.714050
CRVAL2  =    8.360110
CRPIX1  =  367.500000
CRPIX2  =  367.500000
CDELT1  =   -0.006821011
CDELT2  =    0.006821011
CROTA2  =  262.896893
EQUINOX = 2000.0
END
