SIMPLE  = T
BITPIX  = -64
NAXIS   = 2
NAXIS1  = 765
NAXIS2  = 765
CTYPE1  = 'RA---TAN'
CTYPE2  = 'DEC--TAN'
CRVAL1  =  188.189550
CRVAL2  =    0.114620
CRPIX1  =  383.000000
CRPIX2  =  383.000000
CDELT1  =   -0.006544080
CDELT2  =    0.006544080
CROTA2  =  367.935366
EQUINOX = 2000.0
END
