SIMPLE  = T
BITPIX  = -64
NAXIS   = 2
NAXIS1  = 456
NAXIS2  = 456
CTYPE1  = 'RA---TAN'
CTYPE2  = 'DEC--TAN'
CRVAL1  =  185.630550
CRVAL2  =   15.537860
CRPIX1  =  228.500000
CRPIX2  =  228.500000
CDELT1  =   -0.010986994
CDELT2  =    0.010986994
CROTA2  =  280.124445
EQUINOX = 2000.0
END
