SIMPLE  = T
BITPIX  = -64
NAXIS   = 2
NAXIS1  = 1800
NAXIS2  = 1800
CTYPE1  = 'RA---TAN'
CTYPE2  = 'DEC--TAN'
CRVAL1  =  184.094100
CRVAL2  =   13.307240
CRPIX1  =  900.500000
CRPIX2  =  900.500000
CDELT1  =   -0.002778746
CDELT2  =    0.002778746
CROTA2  =  391.843502
EQUINOX = 2000.0
END
