SIMPLE  = T
BITPIX  = -64
NAXIS   = 2
NAXIS1  = 359
NAXIS2  = 359
CTYPE1  = 'RA---TAN'
CTYPE2  = 'DEC--TAN'
CRVAL1  =  190.989600
CRVAL2  =   32.170160
CRPIX1  =  180.000000
CRPIX2  =  180.000000
CDELT1  =   -0.013956848
CDELT2  =    0.013956848
CROTA2  =  233.432882
EQUINOX = 2000.0
END
