SIMPLE  = T
BITPIX  = -64
NAXIS   = 2
NAXIS1  = 550
NAXIS2  = 550
CTYPE1  = 'RA---TAN'
CTYPE2  = 'DEC--TAN'
CRVAL1  =  189.086550
CRVAL2  =   25.987190
CRPIX1  =  275.500000
CRPIX2  =  275.500000
CDELT1  =   -0.009096600
CDELT2  =    0.009096600
CROTA2  =  313.949294
EQUINOX = 2000.0
END
