SIMPLE  = T
BITPIX  = -64
NAXIS   = 2
NAXIS1  = 574
NAXIS2  = 574
CTYPE1  = 'RA---TAN'
CTYPE2  = 'DEC--TAN'
CRVAL1  =  188.189550
CRVAL2  =    0.114620
CRPIX1  =  287.500000
CRPIX2  =  287.500000
CDELT1  =   -0.008725440
CDELT2  =    0.008725440
CROTA2  =  367.935366
EQUINOX = 2000.0
END
