SIMPLE  = T
BITPIX  = -64
NAXIS   = 2
NAXIS1  = 614
NAXIS2  = 614
CTYPE1  = 'RA---TAN'
CTYPE2  = 'DEC--TAN'
CRVAL1  =  193.184700
CRVAL2  =   15.846560
CRPIX1  =  307.500000
CRPIX2  =  307.500000
CDELT1  =   -0.008144769
CDELT2  =    0.008144769
CROTA2  =  295.111210
EQUINOX = 2000.0
END
