SIMPLE  = T
BITPIX  = -64
NAXIS   = 2
NAXIS1  = 856
NAXIS2  = 856
CTYPE1  = 'RA---TAN'
CTYPE2  = 'DEC--TAN'
CRVAL1  =  179.630700
CRVAL2  =   43.946730
CRPIX1  =  428.500000
CRPIX2  =  428.500000
CDELT1  =   -0.005846268
CDELT2  =    0.005846268
CROTA2  =  383.872340
EQUINOX = 2000.0
END
