SIMPLE  = T
BITPIX  = -64
NAXIS   = 2
NAXIS1  = 1719
NAXIS2  = 1719
CTYPE1  = 'RA---TAN'
CTYPE2  = 'DEC--TAN'
CRVAL1  =  183.820050
CRVAL2  =   13.023860
CRPIX1  =  860.000000
CRPIX2  =  860.000000
CDELT1  =   -0.002909704
CDELT2  =    0.002909704
CROTA2  =  268.323380
EQUINOX = 2000.0
END
