SIMPLE  = T
BITPIX  = -64
NAXIS   = 2
NAXIS1  = 1304
NAXIS2  = 1304
CTYPE1  = 'RA---TAN'
CTYPE2  = 'DEC--TAN'
CRVAL1  =  185.426400
CRVAL2  =   14.598140
CRPIX1  =  652.500000
CRPIX2  =  652.500000
CDELT1  =   -0.003835736
CDELT2  =    0.003835736
CROTA2  =  271.854812
EQUINOX = 2000.0
END
