SIMPLE  = T
BITPIX  = -64
NAXIS   = 2
NAXIS1  = 1289
NAXIS2  = 1289
CTYPE1  = 'RA---TAN'
CTYPE2  = 'DEC--TAN'
CRVAL1  =  183.820050
CRVAL2  =   13.023860
CRPIX1  =  645.000000
CRPIX2  =  645.000000
CDELT1  =   -0.003879606
CDELT2  =    0.003879606
CROTA2  =  268.323380
EQUINOX = 2000.0
END
