SIMPLE  = T
BITPIX  = -64
NAXIS   = 2
NAXIS1  = 301
NAXIS2  = 301
CTYPE1  = 'RA---TAN'
CTYPE2  = 'DEC--TAN'
CRVAL1  =  184.175250
CRVAL2  =   69.462570
CRPIX1  =  151.000000
CRPIX2  =  151.000000
CDELT1  =   -0.016625992
CDELT2  =    0.016625992
CROTA2  =  289.960355
EQUINOX = 2000.0
END
