SIMPLE  = T
BITPIX  = -64
NAXIS   = 2
NAXIS1  = 683
NAXIS2  = 683
CTYPE1  = 'RA---TAN'
CTYPE2  = 'DEC--TAN'
CRVAL1  =  185.630550
CRVAL2  =   15.537860
CRPIX1  =  342.000000
CRPIX2  =  342.000000
CDELT1  =   -0.007324662
CDELT2  =    0.007324662
CROTA2  =  280.124445
EQUINOX = 2000.0
END
