SIMPLE  = T
BITPIX  = -64
NAXIS   = 2
NAXIS1  = 1115
NAXIS2  = 1115
CTYPE1  = 'RA---TAN'
CTYPE2  = 'DEC--TAN'
CRVAL1  =  185.660550
CRVAL2  =   11.800840
CRPIX1  =  558.000000
CRPIX2  =  558.000000
CDELT1  =   -0.004485890
CDELT2  =    0.004485890
CROTA2  =  310.703614
EQUINOX = 2000.0
END
