SIMPLE  = T
BITPIX  = -64
NAXIS   = 2
NAXIS1  = 1363
NAXIS2  = 1363
CTYPE1  = 'RA---TAN'
CTYPE2  = 'DEC--TAN'
CRVAL1  =  190.301400
CRVAL2  =   11.886270
CRPIX1  =  682.000000
CRPIX2  =  682.000000
CDELT1  =   -0.003671026
CDELT2  =    0.003671026
CROTA2  =  269.604531
EQUINOX = 2000.0
END
