SIMPLE  = T
BITPIX  = -64
NAXIS   = 2
NAXIS1  = 965
NAXIS2  = 965
CTYPE1  = 'RA---TAN'
CTYPE2  = 'DEC--TAN'
CRVAL1  =  188.533950
CRVAL2  =    2.653340
CRPIX1  =  483.000000
CRPIX2  =  483.000000
CDELT1  =   -0.005185463
CDELT2  =    0.005185463
CROTA2  =  385.386257
EQUINOX = 2000.0
END
