SIMPLE  = T
BITPIX  = -64
NAXIS   = 2
NAXIS1  = 1144
NAXIS2  = 1144
CTYPE1  = 'RA---TAN'
CTYPE2  = 'DEC--TAN'
CRVAL1  =  187.366800
CRVAL2  =    8.749940
CRPIX1  =  572.500000
CRPIX2  =  572.500000
CDELT1  =   -0.004373082
CDELT2  =    0.004373082
CROTA2  =  361.931707
EQUINOX = 2000.0
END
