SIMPLE  = T
BITPIX  = -64
NAXIS   = 2
NAXIS1  = 502
NAXIS2  = 502
CTYPE1  = 'RA---TAN'
CTYPE2  = 'DEC--TAN'
CRVAL1  =  190.532850
CRVAL2  =   32.542390
CRPIX1  =  251.500000
CRPIX2  =  251.500000
CDELT1  =   -0.009972119
CDELT2  =    0.009972119
CROTA2  =  366.924269
EQUINOX = 2000.0
END
