SIMPLE  = T
BITPIX  = -64
NAXIS   = 2
NAXIS1  = 595
NAXIS2  = 595
CTYPE1  = 'RA---TAN'
CTYPE2  = 'DEC--TAN'
CRVAL1  =  189.618300
CRVAL2  =    4.319020
CRPIX1  =  298.000000
CRPIX2  =  298.000000
CDELT1  =   -0.008411602
CDELT2  =    0.008411602
CROTA2  =  336.001096
EQUINOX = 2000.0
END
