SIMPLE  = T
BITPIX  = -64
NAXIS   = 2
NAXIS1  = 759
NAXIS2  = 759
CTYPE1  = 'RA---TAN'
CTYPE2  = 'DEC--TAN'
CRVAL1  =  183.320400
CRVAL2  =   43.698540
CRPIX1  =  380.000000
CRPIX2  =  380.000000
CDELT1  =   -0.006589899
CDELT2  =    0.006589899
CROTA2  =  280.295211
EQUINOX = 2000.0
END
