SIMPLE  = T
BITPIX  = -64
NAXIS   = 2
NAXIS1  = 1711
NAXIS2  = 1711
CTYPE1  = 'RA---TAN'
CTYPE2  = 'DEC--TAN'
CRVAL1  =  179.630700
CRVAL2  =   43.946730
CRPIX1  =  856.000000
CRPIX2  =  856.000000
CDELT1  =   -0.002923134
CDELT2  =    0.002923134
CROTA2  =  383.872340
EQUINOX = 2000.0
END
