SIMPLE  = T
BITPIX  = -64
NAXIS   = 2
NAXIS1  = 1189
NAXIS2  = 1189
CTYPE1  = 'RA---TAN'
CTYPE2  = 'DEC--TAN'
CRVAL1  =  189.618300
CRVAL2  =    4.319020
CRPIX1  =  595.000000
CRPIX2  =  595.000000
CDELT1  =   -0.004205801
CDELT2  =    0.004205801
CROTA2  =  336.001096
EQUINOX = 2000.0
END
