SIMPLE  = T
BITPIX  = -64
NAXIS   = 2
NAXIS1  = 1518
NAXIS2  = 1518
CTYPE1  = 'RA---TAN'
CTYPE2  = 'DEC--TAN'
CRVAL1  =  183.320400
CRVAL2  =   43.698540
CRPIX1  =  759.500000
CRPIX2  =  759.500000
CDELT1  =   -0.003294949
CDELT2  =    0.003294949
CROTA2  =  280.295211
EQUINOX = 2000.0
END
