SIMPLE  = T
BITPIX  = -64
NAXIS   = 2
NAXIS1  = 1266
NAXIS2  = 1266
CTYPE1  = 'RA---TAN'
CTYPE2  = 'DEC--TAN'
CRVAL1  =  194.505000
CRVAL2  =    1.575870
CRPIX1  =  633.500000
CRPIX2  =  633.500000
CDELT1  =   -0.003951732
CDELT2  =    0.003951732
CROTA2  =  370.363740
EQUINOX = 2000.0
END
