SIMPLE  = T
BITPIX  = -64
NAXIS   = 2
NAXIS1  = 201
NAXIS2  = 201
CTYPE1  = 'RA---TAN'
CTYPE2  = 'DEC--TAN'
CRVAL1  =  184.175250
CRVAL2  =   69.462570
CRPIX1  =  101.000000
CRPIX2  =  101.000000
CDELT1  =   -0.024938988
CDELT2  =    0.024938988
CROTA2  =  289.960355
EQUINOX = 2000.0
END
