SIMPLE  = T
BITPIX  = -64
NAXIS   = 2
NAXIS1  = 1286
NAXIS2  = 1286
CTYPE1  = 'RA---TAN'
CTYPE2  = 'DEC--TAN'
CRVAL1  =  188.533950
CRVAL2  =    2.653340
CRPIX1  =  643.500000
CRPIX2  =  643.500000
CDELT1  =   -0.003889097
CDELT2  =    0.003889097
CROTA2  =  385.386257
EQUINOX = 2000.0
END
