SIMPLE  = T
BITPIX  = -64
NAXIS   = 2
NAXIS1  = 860
NAXIS2  = 860
CTYPE1  = 'RA---TAN'
CTYPE2  = 'DEC--TAN'
CRVAL1  =  183.820050
CRVAL2  =   13.023860
CRPIX1  =  430.500000
CRPIX2  =  430.500000
CDELT1  =   -0.005819409
CDELT2  =    0.005819409
CROTA2  =  268.323380
EQUINOX = 2000.0
END
