SIMPLE  = T
BITPIX  = -64
NAXIS   = 2
NAXIS1  = 383
NAXIS2  = 383
CTYPE1  = 'RA---TAN'
CTYPE2  = 'DEC--TAN'
CRVAL1  =  188.189550
CRVAL2  =    0.114620
CRPIX1  =  192.000000
CRPIX2  =  192.000000
CDELT1  =   -0.013088160
CDELT2  =    0.013088160
CROTA2  =  367.935366
EQUINOX = 2000.0
END
