SIMPLE  = T
BITPIX  = -64
NAXIS   = 2
NAXIS1  = 1012
NAXIS2  = 1012
CTYPE1  = 'RA---TAN'
CTYPE2  = 'DEC--TAN'
CRVAL1  =  188.580900
CRVAL2  =    6.467560
CRPIX1  =  506.500000
CRPIX2  =  506.500000
CDELT1  =   -0.004941387
CDELT2  =    0.004941387
CROTA2  =  290.442856
EQUINOX = 2000.0
END
