SIMPLE  = T
BITPIX  = -64
NAXIS   = 2
NAXIS1  = 2276
NAXIS2  = 2276
CTYPE1  = 'RA---TAN'
CTYPE2  = 'DEC--TAN'
CRVAL1  =  183.193200
CRVAL2  =   10.865850
CRPIX1  = 1138.500000
CRPIX2  = 1138.500000
CDELT1  =   -0.002197096
CDELT2  =    0.002197096
CROTA2  =  238.046605
EQUINOX = 2000.0
END
