SIMPLE  = T
BITPIX  = -64
NAXIS   = 2
NAXIS1  = 892
NAXIS2  = 892
CTYPE1  = 'RA---TAN'
CTYPE2  = 'DEC--TAN'
CRVAL1  =  189.618300
CRVAL2  =    4.319020
CRPIX1  =  446.500000
CRPIX2  =  446.500000
CDELT1  =   -0.005607734
CDELT2  =    0.005607734
CROTA2  =  336.001096
EQUINOX = 2000.0
END
