SIMPLE  = T
BITPIX  = -64
NAXIS   = 2
NAXIS1  = 821
NAXIS2  = 821
CTYPE1  = 'RA---TAN'
CTYPE2  = 'DEC--TAN'
CRVAL1  =  187.066500
CRVAL2  =    9.436290
CRPIX1  =  411.000000
CRPIX2  =  411.000000
CDELT1  =   -0.006093669
CDELT2  =    0.006093669
CROTA2  =  347.326700
EQUINOX = 2000.0
END
