SIMPLE  = T
BITPIX  = -64
NAXIS   = 2
NAXIS1  = 943
NAXIS2  = 943
CTYPE1  = 'RA---TAN'
CTYPE2  = 'DEC--TAN'
CRVAL1  =  183.976350
CRVAL2  =   13.149580
CRPIX1  =  472.000000
CRPIX2  =  472.000000
CDELT1  =   -0.005306245
CDELT2  =    0.005306245
CROTA2  =  248.998699
EQUINOX = 2000.0
END
