SIMPLE  = T
BITPIX  = -64
NAXIS   = 2
NAXIS1  = 844
NAXIS2  = 844
CTYPE1  = 'RA---TAN'
CTYPE2  = 'DEC--TAN'
CRVAL1  =  183.962250
CRVAL2  =   47.091900
CRPIX1  =  422.500000
CRPIX2  =  422.500000
CDELT1  =   -0.005927598
CDELT2  =    0.005927598
CROTA2  =  226.674725
EQUINOX = 2000.0
END
