SIMPLE  = T
BITPIX  = -64
NAXIS   = 2
NAXIS1  = 239
NAXIS2  = 239
CTYPE1  = 'RA---TAN'
CTYPE2  = 'DEC--TAN'
CRVAL1  =  190.989600
CRVAL2  =   32.170160
CRPIX1  =  120.000000
CRPIX2  =  120.000000
CDELT1  =   -0.020935272
CDELT2  =    0.020935272
CROTA2  =  233.432882
EQUINOX = 2000.0
END
