SIMPLE  = T
BITPIX  = -64
NAXIS   = 2
NAXIS1  = 566
NAXIS2  = 566
CTYPE1  = 'RA---TAN'
CTYPE2  = 'DEC--TAN'
CRVAL1  =  186.531600
CRVAL2  =   13.113120
CRPIX1  =  283.500000
CRPIX2  =  283.500000
CDELT1  =   -0.008848691
CDELT2  =    0.008848691
CROTA2  =  360.317924
EQUINOX = 2000.0
END
