SIMPLE  = T
BITPIX  = -64
NAXIS   = 2
NAXIS1  = 1688
NAXIS2  = 1688
CTYPE1  = 'RA---TAN'
CTYPE2  = 'DEC--TAN'
CRVAL1  =  183.962250
CRVAL2  =   47.091900
CRPIX1  =  844.500000
CRPIX2  =  844.500000
CDELT1  =   -0.002963799
CDELT2  =    0.002963799
CROTA2  =  226.674725
EQUINOX = 2000.0
END
