SIMPLE  = T
BITPIX  = -64
NAXIS   = 2
NAXIS1  = 629
NAXIS2  = 629
CTYPE1  = 'RA---TAN'
CTYPE2  = 'DEC--TAN'
CRVAL1  =  183.976350
CRVAL2  =   13.149580
CRPIX1  =  315.000000
CRPIX2  =  315.000000
CDELT1  =   -0.007959367
CDELT2  =    0.007959367
CROTA2  =  248.998699
EQUINOX = 2000.0
END
