SIMPLE  = T
BITPIX  = -64
NAXIS   = 2
NAXIS1  = 852
NAXIS2  = 852
CTYPE1  = 'RA---TAN'
CTYPE2  = 'DEC--TAN'
CRVAL1  =  184.291200
CRVAL2  =    7.191570
CRPIX1  =  426.500000
CRPIX2  =  426.500000
CDELT1  =   -0.005873251
CDELT2  =    0.005873251
CROTA2  =  399.135589
EQUINOX = 2000.0
END
