SIMPLE  = T
BITPIX  = -64
NAXIS   = 2
NAXIS1  = 1187
NAXIS2  = 1187
CTYPE1  = 'RA---TAN'
CTYPE2  = 'DEC--TAN'
CRVAL1  =  186.735450
CRVAL2  =   15.047260
CRPIX1  =  594.000000
CRPIX2  =  594.000000
CDELT1  =   -0.004214901
CDELT2  =    0.004214901
CROTA2  =  314.073229
EQUINOX = 2000.0
END
