SIMPLE  = T
BITPIX  = -64
NAXIS   = 2
NAXIS1  = 2124
NAXIS2  = 2124
CTYPE1  = 'RA---TAN'
CTYPE2  = 'DEC--TAN'
CRVAL1  =  185.523300
CRVAL2  =    9.043610
CRPIX1  = 1062.500000
CRPIX2  = 1062.500000
CDELT1  =   -0.002354230
CDELT2  =    0.002354230
CROTA2  =  245.981384
EQUINOX = 2000.0
END
