SIMPLE  = T
BITPIX  = -64
NAXIS   = 2
NAXIS1  = 900
NAXIS2  = 900
CTYPE1  = 'RA---TAN'
CTYPE2  = 'DEC--TAN'
CRVAL1  =  184.094100
CRVAL2  =   13.307240
CRPIX1  =  450.500000
CRPIX2  =  450.500000
CDELT1  =   -0.005557492
CDELT2  =    0.005557492
CROTA2  =  391.843502
EQUINOX = 2000.0
END
