SIMPLE  = T
BITPIX  = -64
NAXIS   = 2
NAXIS1  = 1131
NAXIS2  = 1131
CTYPE1  = 'RA---TAN'
CTYPE2  = 'DEC--TAN'
CRVAL1  =  186.531600
CRVAL2  =   13.113120
CRPIX1  =  566.000000
CRPIX2  =  566.000000
CDELT1  =   -0.004424345
CDELT2  =    0.004424345
CROTA2  =  360.317924
EQUINOX = 2000.0
END
