SIMPLE  = T
BITPIX  = -64
NAXIS   = 2
NAXIS1  = 335
NAXIS2  = 335
CTYPE1  = 'RA---TAN'
CTYPE2  = 'DEC--TAN'
CRVAL1  =  190.532850
CRVAL2  =   32.542390
CRPIX1  =  168.000000
CRPIX2  =  168.000000
CDELT1  =   -0.014958178
CDELT2  =    0.014958178
CROTA2  =  366.924269
EQUINOX = 2000.0
END
