SIMPLE  = T
BITPIX  = -64
NAXIS   = 2
NAXIS1  = 1257
NAXIS2  = 1257
CTYPE1  = 'RA---TAN'
CTYPE2  = 'DEC--TAN'
CRVAL1  =  183.976350
CRVAL2  =   13.149580
CRPIX1  =  629.000000
CRPIX2  =  629.000000
CDELT1  =   -0.003979683
CDELT2  =    0.003979683
CROTA2  =  248.998699
EQUINOX = 2000.0
END
