SIMPLE  = T
BITPIX  = -64
NAXIS   = 2
NAXIS1  = 911
NAXIS2  = 911
CTYPE1  = 'RA---TAN'
CTYPE2  = 'DEC--TAN'
CRVAL1  =  185.630550
CRVAL2  =   15.537860
CRPIX1  =  456.000000
CRPIX2  =  456.000000
CDELT1  =   -0.005493497
CDELT2  =    0.005493497
CROTA2  =  280.124445
EQUINOX = 2000.0
END
