SIMPLE  = T
BITPIX  = -64
NAXIS   = 2
NAXIS1  = 478
NAXIS2  = 478
CTYPE1  = 'RA---TAN'
CTYPE2  = 'DEC--TAN'
CRVAL1  =  190.989600
CRVAL2  =   32.170160
CRPIX1  =  239.500000
CRPIX2  =  239.500000
CDELT1  =   -0.010467636
CDELT2  =    0.010467636
CROTA2  =  233.432882
EQUINOX = 2000.0
END
