SIMPLE  = T
BITPIX  = -64
NAXIS   = 2
NAXIS1  = 1703
NAXIS2  = 1703
CTYPE1  = 'RA---TAN'
CTYPE2  = 'DEC--TAN'
CRVAL1  =  184.291200
CRVAL2  =    7.191570
CRPIX1  =  852.000000
CRPIX2  =  852.000000
CDELT1  =   -0.002936625
CDELT2  =    0.002936625
CROTA2  =  399.135589
EQUINOX = 2000.0
END
