SIMPLE  = T
BITPIX  = -64
NAXIS   = 2
NAXIS1  = 1277
NAXIS2  = 1277
CTYPE1  = 'RA---TAN'
CTYPE2  = 'DEC--TAN'
CRVAL1  =  184.291200
CRVAL2  =    7.191570
CRPIX1  =  639.000000
CRPIX2  =  639.000000
CDELT1  =   -0.003915501
CDELT2  =    0.003915501
CROTA2  =  399.135589
EQUINOX = 2000.0
END
