SIMPLE  = T
BITPIX  = -64
NAXIS   = 2
NAXIS1  = 848
NAXIS2  = 848
CTYPE1  = 'RA---TAN'
CTYPE2  = 'DEC--TAN'
CRVAL1  =  186.531600
CRVAL2  =   13.113120
CRPIX1  =  424.500000
CRPIX2  =  424.500000
CDELT1  =   -0.005899127
CDELT2  =    0.005899127
CROTA2  =  360.317924
EQUINOX = 2000.0
END
