SIMPLE  = T
BITPIX  = -64
NAXIS   = 2
NAXIS1  = 367
NAXIS2  = 367
CTYPE1  = 'RA---TAN'
CTYPE2  = 'DEC--TAN'
CRVAL1  =  187.714050
CRVAL2  =    8.360110
CRPIX1  =  184.000000
CRPIX2  =  184.000000
CDELT1  =   -0.013642022
CDELT2  =    0.013642022
CROTA2  =  262.896893
EQUINOX = 2000.0
END
