SIMPLE  = T
BITPIX  = -64
NAXIS   = 2
NAXIS1  = 1139
NAXIS2  = 1139
CTYPE1  = 'RA---TAN'
CTYPE2  = 'DEC--TAN'
CRVAL1  =  183.320400
CRVAL2  =   43.698540
CRPIX1  =  570.000000
CRPIX2  =  570.000000
CDELT1  =   -0.004393266
CDELT2  =    0.004393266
CROTA2  =  280.295211
EQUINOX = 2000.0
END
