SIMPLE  = T
BITPIX  = -64
NAXIS   = 2
NAXIS1  = 401
NAXIS2  = 401
CTYPE1  = 'RA---TAN'
CTYPE2  = 'DEC--TAN'
CRVAL1  =  184.175250
CRVAL2  =   69.462570
CRPIX1  =  201.000000
CRPIX2  =  201.000000
CDELT1  =   -0.012469494
CDELT2  =    0.012469494
CROTA2  =  289.960355
EQUINOX = 2000.0
END
