SIMPLE  = T
BITPIX  = -64
NAXIS   = 2
NAXIS1  = 909
NAXIS2  = 909
CTYPE1  = 'RA---TAN'
CTYPE2  = 'DEC--TAN'
CRVAL1  =  190.301400
CRVAL2  =   11.886270
CRPIX1  =  455.000000
CRPIX2  =  455.000000
CDELT1  =   -0.005506539
CDELT2  =    0.005506539
CROTA2  =  269.604531
EQUINOX = 2000.0
END
