SIMPLE  = T
BITPIX  = -64
NAXIS   = 2
NAXIS1  = 1060
NAXIS2  = 1060
CTYPE1  = 'RA---TAN'
CTYPE2  = 'DEC--TAN'
CRVAL1  =  189.828150
CRVAL2  =   -0.531960
CRPIX1  =  530.500000
CRPIX2  =  530.500000
CDELT1  =   -0.004718988
CDELT2  =    0.004718988
CROTA2  =  356.624259
EQUINOX = 2000.0
END
