SIMPLE  = T
BITPIX  = -64
NAXIS   = 2
NAXIS1  = 844
NAXIS2  = 844
CTYPE1  = 'RA---TAN'
CTYPE2  = 'DEC--TAN'
CRVAL1  =  194.505000
CRVAL2  =    1.575870
CRPIX1  =  422.500000
CRPIX2  =  422.500000
CDELT1  =   -0.005927598
CDELT2  =    0.005927598
CROTA2  =  370.363740
EQUINOX = 2000.0
END
