SIMPLE  = T
BITPIX  = -64
NAXIS   = 2
NAXIS1  = 1582
NAXIS2  = 1582
CTYPE1  = 'RA---TAN'
CTYPE2  = 'DEC--TAN'
CRVAL1  =  186.445050
CRVAL2  =   12.662020
CRPIX1  =  791.500000
CRPIX2  =  791.500000
CDELT1  =   -0.003161176
CDELT2  =    0.003161176
CROTA2  =  360.360628
EQUINOX = 2000.0
END
