SIMPLE  = T
BITPIX  = -64
NAXIS   = 2
NAXIS1  = 314
NAXIS2  = 314
CTYPE1  = 'RA---TAN'
CTYPE2  = 'DEC--TAN'
CRVAL1  =  182.493750
CRVAL2  =   46.457310
CRPIX1  =  157.500000
CRPIX2  =  157.500000
CDELT1  =   -0.015954330
CDELT2  =    0.015954330
CROTA2  =  346.996377
EQUINOX = 2000.0
END
