SIMPLE  = T
BITPIX  = -64
NAXIS   = 2
NAXIS1  = 1062
NAXIS2  = 1062
CTYPE1  = 'RA---TAN'
CTYPE2  = 'DEC--TAN'
CRVAL1  =  185.523300
CRVAL2  =    9.043610
CRPIX1  =  531.500000
CRPIX2  =  531.500000
CDELT1  =   -0.004708460
CDELT2  =    0.004708460
CROTA2  =  245.981384
EQUINOX = 2000.0
END
