SIMPLE  = T
BITPIX  = -64
NAXIS   = 2
NAXIS1  = 643
NAXIS2  = 643
CTYPE1  = 'RA---TAN'
CTYPE2  = 'DEC--TAN'
CRVAL1  =  188.533950
CRVAL2  =    2.653340
CRPIX1  =  322.000000
CRPIX2  =  322.000000
CDELT1  =   -0.007778194
CDELT2  =    0.007778194
CROTA2  =  385.386257
EQUINOX = 2000.0
END
