SIMPLE  = T
BITPIX  = -64
NAXIS   = 2
NAXIS1  = 759
NAXIS2  = 759
CTYPE1  = 'RA---TAN'
CTYPE2  = 'DEC--TAN'
CRVAL1  =  188.580900
CRVAL2  =    6.467560
CRPIX1  =  380.000000
CRPIX2  =  380.000000
CDELT1  =   -0.006588516
CDELT2  =    0.006588516
CROTA2  =  290.442856
EQUINOX = 2000.0
END
