SIMPLE  = T
BITPIX  = -64
NAXIS   = 2
NAXIS1  = 836
NAXIS2  = 836
CTYPE1  = 'RA---TAN'
CTYPE2  = 'DEC--TAN'
CRVAL1  =  185.660550
CRVAL2  =   11.800840
CRPIX1  =  418.500000
CRPIX2  =  418.500000
CDELT1  =   -0.005981186
CDELT2  =    0.005981186
CROTA2  =  310.703614
EQUINOX = 2000.0
END
