SIMPLE  = T
BITPIX  = -64
NAXIS   = 2
NAXIS1  = 1228
NAXIS2  = 1228
CTYPE1  = 'RA---TAN'
CTYPE2  = 'DEC--TAN'
CRVAL1  =  193.184700
CRVAL2  =   15.846560
CRPIX1  =  614.500000
CRPIX2  =  614.500000
CDELT1  =   -0.004072384
CDELT2  =    0.004072384
CROTA2  =  295.111210
EQUINOX = 2000.0
END
