SIMPLE  = T
BITPIX  = -64
NAXIS   = 2
NAXIS1  = 1283
NAXIS2  = 1283
CTYPE1  = 'RA---TAN'
CTYPE2  = 'DEC--TAN'
CRVAL1  =  179.630700
CRVAL2  =   43.946730
CRPIX1  =  642.000000
CRPIX2  =  642.000000
CDELT1  =   -0.003897512
CDELT2  =    0.003897512
CROTA2  =  383.872340
EQUINOX = 2000.0
END
