SIMPLE  = T
BITPIX  = -64
NAXIS   = 2
NAXIS1  = 921
NAXIS2  = 921
CTYPE1  = 'RA---TAN'
CTYPE2  = 'DEC--TAN'
CRVAL1  =  193.184700
CRVAL2  =   15.846560
CRPIX1  =  461.000000
CRPIX2  =  461.000000
CDELT1  =   -0.005429846
CDELT2  =    0.005429846
CROTA2  =  295.111210
EQUINOX = 2000.0
END
