SIMPLE  = T
BITPIX  = -64
NAXIS   = 2
NAXIS1  = 1100
NAXIS2  = 1100
CTYPE1  = 'RA---TAN'
CTYPE2  = 'DEC--TAN'
CRVAL1  =  189.086550
CRVAL2  =   25.987190
CRPIX1  =  550.500000
CRPIX2  =  550.500000
CDELT1  =   -0.004548300
CDELT2  =    0.004548300
CROTA2  =  313.949294
EQUINOX = 2000.0
END
