SIMPLE  = T
BITPIX  = -64
NAXIS   = 2
NAXIS1  = 978
NAXIS2  = 978
CTYPE1  = 'RA---TAN'
CTYPE2  = 'DEC--TAN'
CRVAL1  =  185.426400
CRVAL2  =   14.598140
CRPIX1  =  489.500000
CRPIX2  =  489.500000
CDELT1  =   -0.005114315
CDELT2  =    0.005114315
CROTA2  =  271.854812
EQUINOX = 2000.0
END
