SIMPLE  = T
BITPIX  = -64
NAXIS   = 2
NAXIS1  = 791
NAXIS2  = 791
CTYPE1  = 'RA---TAN'
CTYPE2  = 'DEC--TAN'
CRVAL1  =  186.735450
CRVAL2  =   15.047260
CRPIX1  =  396.000000
CRPIX2  =  396.000000
CDELT1  =   -0.006322351
CDELT2  =    0.006322351
CROTA2  =  314.073229
EQUINOX = 2000.0
END
