SIMPLE  = T
BITPIX  = -64
NAXIS   = 2
NAXIS1  = 669
NAXIS2  = 669
CTYPE1  = 'RA---TAN'
CTYPE2  = 'DEC--TAN'
CRVAL1  =  190.532850
CRVAL2  =   32.542390
CRPIX1  =  335.000000
CRPIX2  =  335.000000
CDELT1  =   -0.007479089
CDELT2  =    0.007479089
CROTA2  =  366.924269
EQUINOX = 2000.0
END
