SIMPLE  = T
BITPIX  = -64
NAXIS   = 2
NAXIS1  = 1480
NAXIS2  = 1480
CTYPE1  = 'RA---TAN'
CTYPE2  = 'DEC--TAN'
CRVAL1  =  213.892050
CRVAL2  =   36.226740
CRPIX1  =  740.500000
CRPIX2  =  740.500000
CDELT1  =   -0.003379705
CDELT2  =    0.003379705
CROTA2  =  336.531942
EQUINOX = 2000.0
END
