SIMPLE  = T
BITPIX  = -64
NAXIS   = 2
NAXIS1  = 888
NAXIS2  = 888
CTYPE1  = 'RA---TAN'
CTYPE2  = 'DEC--TAN'
CRVAL1  =  208.743450
CRVAL2  =    5.333610
CRPIX1  =  444.500000
CRPIX2  =  444.500000
CDELT1  =   -0.005634805
CDELT2  =    0.005634805
CROTA2  =  252.827543
EQUINOX = 2000.0
END
