SIMPLE  = T
BITPIX  = -64
NAXIS   = 2
NAXIS1  = 951
NAXIS2  = 951
CTYPE1  = 'RA---TAN'
CTYPE2  = 'DEC--TAN'
CRVAL1  =  206.602650
CRVAL2  =   46.107250
CRPIX1  =  476.000000
CRPIX2  =  476.000000
CDELT1  =   -0.005258704
CDELT2  =    0.005258704
CROTA2  =  303.339367
EQUINOX = 2000.0
END
