SIMPLE  = T
BITPIX  = -64
NAXIS   = 2
NAXIS1  = 1426
NAXIS2  = 1426
CTYPE1  = 'RA---TAN'
CTYPE2  = 'DEC--TAN'
CRVAL1  =  222.824400
CRVAL2  =   58.978090
CRPIX1  =  713.500000
CRPIX2  =  713.500000
CDELT1  =   -0.003506542
CDELT2  =    0.003506542
CROTA2  =  301.448424
EQUINOX = 2000.0
END
