SIMPLE  = T
BITPIX  = -64
NAXIS   = 2
NAXIS1  = 1501
NAXIS2  = 1500
CTYPE1  = 'RA---TAN'
CTYPE2  = 'DEC--TAN'
CRVAL1  =  206.329650
CRVAL2  =   41.712420
CRPIX1  =  751.000000
CRPIX2  =  750.500000
CDELT1  =   -0.003333333
CDELT2  =    0.003333333
CROTA2  =  362.442539
EQUINOX = 2000.0
END
