SIMPLE  = T
BITPIX  = -64
NAXIS   = 2
NAXIS1  = 1313
NAXIS2  = 1313
CTYPE1  = 'RA---TAN'
CTYPE2  = 'DEC--TAN'
CRVAL1  =  215.304600
CRVAL2  =    3.435810
CRPIX1  =  657.000000
CRPIX2  =  657.000000
CDELT1  =   -0.003808796
CDELT2  =    0.003808796
CROTA2  =  393.352750
EQUINOX = 2000.0
END
