SIMPLE  = T
BITPIX  = -64
NAXIS   = 2
NAXIS1  = 2169
NAXIS2  = 2169
CTYPE1  = 'RA---TAN'
CTYPE2  = 'DEC--TAN'
CRVAL1  =  213.311850
CRVAL2  =   -3.207620
CRPIX1  = 1085.000000
CRPIX2  = 1085.000000
CDELT1  =   -0.002305286
CDELT2  =    0.002305286
CROTA2  =  365.141937
EQUINOX = 2000.0
END
