SIMPLE  = T
BITPIX  = -64
NAXIS   = 2
NAXIS1  = 599
NAXIS2  = 599
CTYPE1  = 'RA---TAN'
CTYPE2  = 'DEC--TAN'
CRVAL1  =  198.049050
CRVAL2  =   44.038060
CRPIX1  =  300.000000
CRPIX2  =  300.000000
CDELT1  =   -0.008353126
CDELT2  =    0.008353126
CROTA2  =  244.949119
EQUINOX = 2000.0
END
