SIMPLE  = T
BITPIX  = -64
NAXIS   = 2
NAXIS1  = 1846
NAXIS2  = 1846
CTYPE1  = 'RA---TAN'
CTYPE2  = 'DEC--TAN'
CRVAL1  =  221.233350
CRVAL2  =    1.954720
CRPIX1  =  923.500000
CRPIX2  =  923.500000
CDELT1  =   -0.002708866
CDELT2  =    0.002708866
CROTA2  =  280.010402
EQUINOX = 2000.0
END
