SIMPLE  = T
BITPIX  = -64
NAXIS   = 2
NAXIS1  = 1234
NAXIS2  = 1234
CTYPE1  = 'RA---TAN'
CTYPE2  = 'DEC--TAN'
CRVAL1  =  212.908650
CRVAL2  =   -1.160480
CRPIX1  =  617.500000
CRPIX2  =  617.500000
CDELT1  =   -0.004052262
CDELT2  =    0.004052262
CROTA2  =  277.346896
EQUINOX = 2000.0
END
