SIMPLE  = T
BITPIX  = -64
NAXIS   = 2
NAXIS1  = 1568
NAXIS2  = 1568
CTYPE1  = 'RA---TAN'
CTYPE2  = 'DEC--TAN'
CRVAL1  =  228.973500
CRVAL2  =   56.328910
CRPIX1  =  784.500000
CRPIX2  =  784.500000
CDELT1  =   -0.003190427
CDELT2  =    0.003190427
CROTA2  =  296.122568
EQUINOX = 2000.0
END
