SIMPLE  = T
BITPIX  = -64
NAXIS   = 2
NAXIS1  = 1332
NAXIS2  = 1332
CTYPE1  = 'RA---TAN'
CTYPE2  = 'DEC--TAN'
CRVAL1  =  208.743450
CRVAL2  =    5.333610
CRPIX1  =  666.500000
CRPIX2  =  666.500000
CDELT1  =   -0.003756537
CDELT2  =    0.003756537
CROTA2  =  252.827543
EQUINOX = 2000.0
END
