SIMPLE  = T
BITPIX  = -64
NAXIS   = 2
NAXIS1  = 2462
NAXIS2  = 2462
CTYPE1  = 'RA---TAN'
CTYPE2  = 'DEC--TAN'
CRVAL1  =  221.233350
CRVAL2  =    1.954720
CRPIX1  = 1231.500000
CRPIX2  = 1231.500000
CDELT1  =   -0.002031649
CDELT2  =    0.002031649
CROTA2  =  280.010402
EQUINOX = 2000.0
END
