SIMPLE  = T
BITPIX  = -64
NAXIS   = 2
NAXIS1  = 1775
NAXIS2  = 1775
CTYPE1  = 'RA---TAN'
CTYPE2  = 'DEC--TAN'
CRVAL1  =  208.743450
CRVAL2  =    5.333610
CRPIX1  =  888.000000
CRPIX2  =  888.000000
CDELT1  =   -0.002817403
CDELT2  =    0.002817403
CROTA2  =  252.827543
EQUINOX = 2000.0
END
