SIMPLE  = T
BITPIX  = -64
NAXIS   = 2
NAXIS1  = 725
NAXIS2  = 725
CTYPE1  = 'RA---TAN'
CTYPE2  = 'DEC--TAN'
CRVAL1  =  208.546800
CRVAL2  =    5.227230
CRPIX1  =  363.000000
CRPIX2  =  363.000000
CDELT1  =   -0.006900471
CDELT2  =    0.006900471
CROTA2  =  276.081870
EQUINOX = 2000.0
END
