SIMPLE  = T
BITPIX  = -64
NAXIS   = 2
NAXIS1  = 1902
NAXIS2  = 1902
CTYPE1  = 'RA---TAN'
CTYPE2  = 'DEC--TAN'
CRVAL1  =  206.602650
CRVAL2  =   46.107250
CRPIX1  =  951.500000
CRPIX2  =  951.500000
CDELT1  =   -0.002629352
CDELT2  =    0.002629352
CROTA2  =  303.339367
EQUINOX = 2000.0
END
