SIMPLE  = T
BITPIX  = -64
NAXIS   = 2
NAXIS1  = 3001
NAXIS2  = 3000
CTYPE1  = 'RA---TAN'
CTYPE2  = 'DEC--TAN'
CRVAL1  =  206.329650
CRVAL2  =   41.712420
CRPIX1  = 1501.000000
CRPIX2  = 1500.500000
CDELT1  =   -0.001666667
CDELT2  =    0.001666667
CROTA2  =  362.442539
EQUINOX = 2000.0
END
