SIMPLE  = T
BITPIX  = -64
NAXIS   = 2
NAXIS1  = 1231
NAXIS2  = 1231
CTYPE1  = 'RA---TAN'
CTYPE2  = 'DEC--TAN'
CRVAL1  =  221.233350
CRVAL2  =    1.954720
CRPIX1  =  616.000000
CRPIX2  =  616.000000
CDELT1  =   -0.004063298
CDELT2  =    0.004063298
CROTA2  =  280.010402
EQUINOX = 2000.0
END
