SIMPLE  = T
BITPIX  = -64
NAXIS   = 2
NAXIS1  = 876
NAXIS2  = 876
CTYPE1  = 'RA---TAN'
CTYPE2  = 'DEC--TAN'
CRVAL1  =  215.304600
CRVAL2  =    3.435810
CRPIX1  =  438.500000
CRPIX2  =  438.500000
CDELT1  =   -0.005713194
CDELT2  =    0.005713194
CROTA2  =  393.352750
EQUINOX = 2000.0
END
