SIMPLE  = T
BITPIX  = -64
NAXIS   = 2
NAXIS1  = 1087
NAXIS2  = 1087
CTYPE1  = 'RA---TAN'
CTYPE2  = 'DEC--TAN'
CRVAL1  =  208.546800
CRVAL2  =    5.227230
CRPIX1  =  544.000000
CRPIX2  =  544.000000
CDELT1  =   -0.004600314
CDELT2  =    0.004600314
CROTA2  =  276.081870
EQUINOX = 2000.0
END
