SIMPLE  = T
BITPIX  = -64
NAXIS   = 2
NAXIS1  = 2959
NAXIS2  = 2959
CTYPE1  = 'RA---TAN'
CTYPE2  = 'DEC--TAN'
CRVAL1  =  213.892050
CRVAL2  =   36.226740
CRPIX1  = 1480.000000
CRPIX2  = 1480.000000
CDELT1  =   -0.001689852
CDELT2  =    0.001689852
CROTA2  =  336.531942
EQUINOX = 2000.0
END
