SIMPLE  = T
BITPIX  = -64
NAXIS   = 2
NAXIS1  = 937
NAXIS2  = 937
CTYPE1  = 'RA---TAN'
CTYPE2  = 'DEC--TAN'
CRVAL1  =  215.020500
CRVAL2  =    3.991920
CRPIX1  =  469.000000
CRPIX2  =  469.000000
CDELT1  =   -0.005341271
CDELT2  =    0.005341271
CROTA2  =  332.646670
EQUINOX = 2000.0
END
