SIMPLE  = T
BITPIX  = -64
NAXIS   = 2
NAXIS1  = 300
NAXIS2  = 300
CTYPE1  = 'RA---TAN'
CTYPE2  = 'DEC--TAN'
CRVAL1  =  198.049050
CRVAL2  =   44.038060
CRPIX1  =  150.500000
CRPIX2  =  150.500000
CDELT1  =   -0.016706252
CDELT2  =    0.016706252
CROTA2  =  244.949119
EQUINOX = 2000.0
END
