SIMPLE  = T
BITPIX  = -64
NAXIS   = 2
NAXIS1  = 449
NAXIS2  = 449
CTYPE1  = 'RA---TAN'
CTYPE2  = 'DEC--TAN'
CRVAL1  =  198.049050
CRVAL2  =   44.038060
CRPIX1  =  225.000000
CRPIX2  =  225.000000
CDELT1  =   -0.011137501
CDELT2  =    0.011137501
CROTA2  =  244.949119
EQUINOX = 2000.0
END
