SIMPLE  = T
BITPIX  = -64
NAXIS   = 2
NAXIS1  = 1450
NAXIS2  = 1450
CTYPE1  = 'RA---TAN'
CTYPE2  = 'DEC--TAN'
CRVAL1  =  208.546800
CRVAL2  =    5.227230
CRPIX1  =  725.500000
CRPIX2  =  725.500000
CDELT1  =   -0.003450235
CDELT2  =    0.003450235
CROTA2  =  276.081870
EQUINOX = 2000.0
END
