SIMPLE  = T
BITPIX  = -64
NAXIS   = 2
NAXIS1  = 784
NAXIS2  = 784
CTYPE1  = 'RA---TAN'
CTYPE2  = 'DEC--TAN'
CRVAL1  =  228.973500
CRVAL2  =   56.328910
CRPIX1  =  392.500000
CRPIX2  =  392.500000
CDELT1  =   -0.006380854
CDELT2  =    0.006380854
CROTA2  =  296.122568
EQUINOX = 2000.0
END
