SIMPLE  = T
BITPIX  = -64
NAXIS   = 2
NAXIS1  = 1751
NAXIS2  = 1751
CTYPE1  = 'RA---TAN'
CTYPE2  = 'DEC--TAN'
CRVAL1  =  215.304600
CRVAL2  =    3.435810
CRPIX1  =  876.000000
CRPIX2  =  876.000000
CDELT1  =   -0.002856597
CDELT2  =    0.002856597
CROTA2  =  393.352750
EQUINOX = 2000.0
END
