SIMPLE  = T
BITPIX  = -64
NAXIS   = 2
NAXIS1  = 1557
NAXIS2  = 1557
CTYPE1  = 'RA---TAN'
CTYPE2  = 'DEC--TAN'
CRVAL1  =  295.669200
CRVAL2  =  -10.323700
CRPIX1  =  779.000000
CRPIX2  =  779.000000
CDELT1  =   -0.003212571
CDELT2  =    0.003212571
CROTA2  =  396.631907
EQUINOX = 2000.0
END
