SIMPLE  = T
BITPIX  = -64
NAXIS   = 2
NAXIS1  = 2076
NAXIS2  = 2076
CTYPE1  = 'RA---TAN'
CTYPE2  = 'DEC--TAN'
CRVAL1  =  295.669200
CRVAL2  =  -10.323700
CRPIX1  = 1038.500000
CRPIX2  = 1038.500000
CDELT1  =   -0.002409428
CDELT2  =    0.002409428
CROTA2  =  396.631907
EQUINOX = 2000.0
END
