SIMPLE  = T
BITPIX  = -64
NAXIS   = 2
NAXIS1  = 2169
NAXIS2  = 2169
CTYPE1  = 'RA---TAN'
CTYPE2  = 'DEC--TAN'
CRVAL1  =  354.702150
CRVAL2  =   -6.517980
CRPIX1  = 1085.000000
CRPIX2  = 1085.000000
CDELT1  =   -0.002305620
CDELT2  =    0.002305620
CROTA2  =  252.220011
EQUINOX = 2000.0
END
