SIMPLE  = T
BITPIX  = -64
NAXIS   = 2
NAXIS1  = 1446
NAXIS2  = 1446
CTYPE1  = 'RA---TAN'
CTYPE2  = 'DEC--TAN'
CRVAL1  =  354.702150
CRVAL2  =   -6.517980
CRPIX1  =  723.500000
CRPIX2  =  723.500000
CDELT1  =   -0.003458430
CDELT2  =    0.003458430
CROTA2  =  252.220011
EQUINOX = 2000.0
END
