SIMPLE  = T
BITPIX  = -64
NAXIS   = 2
NAXIS1  = 2892
NAXIS2  = 2892
CTYPE1  = 'RA---TAN'
CTYPE2  = 'DEC--TAN'
CRVAL1  =  354.702150
CRVAL2  =   -6.517980
CRPIX1  = 1446.500000
CRPIX2  = 1446.500000
CDELT1  =   -0.001729215
CDELT2  =    0.001729215
CROTA2  =  252.220011
EQUINOX = 2000.0
END
