SIMPLE  = T
BITPIX  = -64
NAXIS   = 2
NAXIS1  = 866
NAXIS2  = 866
CTYPE1  = 'RA---TAN'
CTYPE2  = 'DEC--TAN'
CRVAL1  =  324.120450
CRVAL2  =  -54.557610
CRPIX1  =  433.500000
CRPIX2  =  433.500000
CDELT1  =   -0.005778953
CDELT2  =    0.005778953
CROTA2  =  322.960172
EQUINOX = 2000.0
END
