SIMPLE  = T
BITPIX  = -64
NAXIS   = 2
NAXIS1  = 433
NAXIS2  = 433
CTYPE1  = 'RA---TAN'
CTYPE2  = 'DEC--TAN'
CRVAL1  =  324.120450
CRVAL2  =  -54.557610
CRPIX1  =  217.000000
CRPIX2  =  217.000000
CDELT1  =   -0.011557907
CDELT2  =    0.011557907
CROTA2  =  322.960172
EQUINOX = 2000.0
END
