SIMPLE  = T
BITPIX  = -64
NAXIS   = 2
NAXIS1  = 680
NAXIS2  = 680
CTYPE1  = 'RA---TAN'
CTYPE2  = 'DEC--TAN'
CRVAL1  =  194.757600
CRVAL2  =   34.860820
CRPIX1  =  340.500000
CRPIX2  =  340.500000
CDELT1  =   -0.007358469
CDELT2  =    0.007358469
CROTA2  =  248.662532
EQUINOX = 2000.0
END
