SIMPLE  = T
BITPIX  = -64
NAXIS   = 2
NAXIS1  = 906
NAXIS2  = 906
CTYPE1  = 'RA---TAN'
CTYPE2  = 'DEC--TAN'
CRVAL1  =  194.757600
CRVAL2  =   34.860820
CRPIX1  =  453.500000
CRPIX2  =  453.500000
CDELT1  =   -0.005518852
CDELT2  =    0.005518852
CROTA2  =  248.662532
EQUINOX = 2000.0
END
