SIMPLE  = T
BITPIX  = -64
NAXIS   = 2
NAXIS1  = 453
NAXIS2  = 453
CTYPE1  = 'RA---TAN'
CTYPE2  = 'DEC--TAN'
CRVAL1  =  194.757600
CRVAL2  =   34.860820
CRPIX1  =  227.000000
CRPIX2  =  227.000000
CDELT1  =   -0.011037704
CDELT2  =    0.011037704
CROTA2  =  248.662532
EQUINOX = 2000.0
END
