SIMPLE  = T
BITPIX  = -64
NAXIS   = 2
NAXIS1  = 632
NAXIS2  = 632
CTYPE1  = 'RA---TAN'
CTYPE2  = 'DEC--TAN'
CRVAL1  =  193.684050
CRVAL2  =   13.237100
CRPIX1  =  316.500000
CRPIX2  =  316.500000
CDELT1  =   -0.007920152
CDELT2  =    0.007920152
CROTA2  =  282.306649
EQUINOX = 2000.0
END
