SIMPLE  = T
BITPIX  = -64
NAXIS   = 2
NAXIS1  = 1751
NAXIS2  = 1751
CTYPE1  = 'RA---TAN'
CTYPE2  = 'DEC--TAN'
CRVAL1  =  192.459300
CRVAL2  =    2.852090
CRPIX1  =  876.000000
CRPIX2  =  876.000000
CDELT1  =   -0.002856597
CDELT2  =    0.002856597
CROTA2  =  269.784333
EQUINOX = 2000.0
END
