SIMPLE  = T
BITPIX  = -64
NAXIS   = 2
NAXIS1  = 2362
NAXIS2  = 2362
CTYPE1  = 'RA---TAN'
CTYPE2  = 'DEC--TAN'
CRVAL1  =  186.493950
CRVAL2  =    3.429370
CRPIX1  = 1181.500000
CRPIX2  = 1181.500000
CDELT1  =   -0.002117624
CDELT2  =    0.002117624
CROTA2  =  323.645575
EQUINOX = 2000.0
END
