SIMPLE  = T
BITPIX  = -64
NAXIS   = 2
NAXIS1  = 876
NAXIS2  = 876
CTYPE1  = 'RA---TAN'
CTYPE2  = 'DEC--TAN'
CRVAL1  =  192.459300
CRVAL2  =    2.852090
CRPIX1  =  438.500000
CRPIX2  =  438.500000
CDELT1  =   -0.005713194
CDELT2  =    0.005713194
CROTA2  =  269.784333
EQUINOX = 2000.0
END
