SIMPLE  = T
BITPIX  = -64
NAXIS   = 2
NAXIS1  = 799
NAXIS2  = 799
CTYPE1  = 'RA---TAN'
CTYPE2  = 'DEC--TAN'
CRVAL1  =  181.491150
CRVAL2  =   43.144020
CRPIX1  =  400.000000
CRPIX2  =  400.000000
CDELT1  =   -0.006263077
CDELT2  =    0.006263077
CROTA2  =  234.607818
EQUINOX = 2000.0
END
