SIMPLE  = T
BITPIX  = -64
NAXIS   = 2
NAXIS1  = 2214
NAXIS2  = 2214
CTYPE1  = 'RA---TAN'
CTYPE2  = 'DEC--TAN'
CRVAL1  =  216.337800
CRVAL2  =   39.539410
CRPIX1  = 1107.500000
CRPIX2  = 1107.500000
CDELT1  =   -0.002258649
CDELT2  =    0.002258649
CROTA2  =  379.410325
EQUINOX = 2000.0
END
