SIMPLE  = T
BITPIX  = -64
NAXIS   = 2
NAXIS1  = 1065
NAXIS2  = 1065
CTYPE1  = 'RA---TAN'
CTYPE2  = 'DEC--TAN'
CRVAL1  =  181.491150
CRVAL2  =   43.144020
CRPIX1  =  533.000000
CRPIX2  =  533.000000
CDELT1  =   -0.004697308
CDELT2  =    0.004697308
CROTA2  =  234.607818
EQUINOX = 2000.0
END
