SIMPLE  = T
BITPIX  = -64
NAXIS   = 2
NAXIS1  = 1313
NAXIS2  = 1313
CTYPE1  = 'RA---TAN'
CTYPE2  = 'DEC--TAN'
CRVAL1  =  192.459300
CRVAL2  =    2.852090
CRPIX1  =  657.000000
CRPIX2  =  657.000000
CDELT1  =   -0.003808796
CDELT2  =    0.003808796
CROTA2  =  269.784333
EQUINOX = 2000.0
END
