SIMPLE  = T
BITPIX  = -64
NAXIS   = 2
NAXIS1  = 947
NAXIS2  = 947
CTYPE1  = 'RA---TAN'
CTYPE2  = 'DEC--TAN'
CRVAL1  =  193.684050
CRVAL2  =   13.237100
CRPIX1  =  474.000000
CRPIX2  =  474.000000
CDELT1  =   -0.005280101
CDELT2  =    0.005280101
CROTA2  =  282.306649
EQUINOX = 2000.0
END
