SIMPLE  = T
BITPIX  = -64
NAXIS   = 2
NAXIS1  = 2124
NAXIS2  = 2124
CTYPE1  = 'RA---TAN'
CTYPE2  = 'DEC--TAN'
CRVAL1  =  184.391400
CRVAL2  =   22.540260
CRPIX1  = 1062.500000
CRPIX2  = 1062.500000
CDELT1  =   -0.002354230
CDELT2  =    0.002354230
CROTA2  =  364.287114
EQUINOX = 2000.0
END
