SIMPLE  = T
BITPIX  = -64
NAXIS   = 2
NAXIS1  = 533
NAXIS2  = 533
CTYPE1  = 'RA---TAN'
CTYPE2  = 'DEC--TAN'
CRVAL1  =  181.491150
CRVAL2  =   43.144020
CRPIX1  =  267.000000
CRPIX2  =  267.000000
CDELT1  =   -0.009394616
CDELT2  =    0.009394616
CROTA2  =  234.607818
EQUINOX = 2000.0
END
