SIMPLE  = T
BITPIX  = -64
NAXIS   = 2
NAXIS1  = 1263
NAXIS2  = 1263
CTYPE1  = 'RA---TAN'
CTYPE2  = 'DEC--TAN'
CRVAL1  =  193.684050
CRVAL2  =   13.237100
CRPIX1  =  632.000000
CRPIX2  =  632.000000
CDELT1  =   -0.003960076
CDELT2  =    0.003960076
CROTA2  =  282.306649
EQUINOX = 2000.0
END
